flag 31 2 none 90 4294967291
0 1 1.0
0 2 1.0
1 2 1.0
0 3 1.0
1 3 1.0
0 4 1.0
2 4 1.0
0 5 1.0
4 5 1.0
0 6 1.0
3 6 1.0
0 7 1.0
6 7 1.0
0 8 1.0
5 8 1.0
0 9 1.0
8 9 1.0
0 10 1.0
7 10 1.0
9 10 1.0
1 11 1.0
2 11 1.0
3 11 1.0
2 12 1.0
11 12 1.0
11 13 1.0
12 13 1.0
3 14 1.0
11 14 1.0
11 15 1.0
14 15 1.0
11 16 1.0
15 16 1.0
11 17 1.0
16 17 1.0
11 18 1.0
13 18 1.0
17 18 1.0
2 19 1.0
4 19 1.0
5 19 1.0
12 19 1.0
13 19 1.0
19 20 1.0
19 21 1.0
20 21 1.0
19 22 1.0
20 22 1.0
5 23 1.0
19 23 1.0
21 23 1.0
13 24 1.0
19 24 1.0
22 24 1.0
3 25 1.0
6 25 1.0
7 25 1.0
14 25 1.0
15 25 1.0
20 25 1.0
21 25 1.0
22 25 1.0
15 26 1.0
21 26 1.0
25 26 1.0
7 27 1.0
22 27 1.0
25 27 1.0
5 28 1.0
8 28 1.0
9 28 1.0
15 28 1.0
16 28 1.0
17 28 1.0
21 28 1.0
23 28 1.0
26 28 1.0
9 29 1.0
17 29 1.0
28 29 1.0
7 30 1.0
9 30 1.0
10 30 1.0
13 30 1.0
17 30 1.0
18 30 1.0
22 30 1.0
24 30 1.0
27 30 1.0
29 30 1.0
