flag 14 0 none 56 2
0 2 1.5
1 2 2.0
0 3 0.0
1 3 0.0
1 4 2.0
2 4 0.5
3 4 0.75
0 5 0.75
3 5 0.25
3 6 2.0
4 6 0.0
5 6 0.0
2 7 0.0
3 7 0.75
4 7 0.5
5 7 0.25
6 7 0.25
0 8 1.25
1 8 0.0
2 8 1.5
5 8 1.25
6 8 0.75
1 9 0.5
2 9 0.5
3 9 0.75
4 9 2.0
6 9 0.75
7 9 2.0
8 9 1.0
2 10 1.5
4 10 2.0
5 10 1.5
6 10 1.5
7 10 1.75
8 10 1.75
9 10 0.5
1 11 2.0
2 11 0.5
3 11 1.0
5 11 1.25
9 11 0.5
10 11 1.75
0 12 0.5
4 12 1.75
5 12 1.0
6 12 0.25
8 12 0.0
1 13 0.0
2 13 1.0
3 13 1.75
4 13 2.0
6 13 1.25
7 13 0.25
8 13 0.75
9 13 0.25
11 13 1.0
