flag 13 1 0.0 56 2
0 1 0.75
1 2 0.75
1 3 1.75
2 3 1.0
0 4 0.75
1 4 1.0
2 4 0.75
1 5 1.5
2 5 1.5
3 5 2.0
0 6 2.0
1 6 0.5
2 6 1.25
0 7 1.75
1 7 1.25
2 7 0.5
3 7 0.0
4 7 0.0
5 7 1.0
6 7 1.5
0 8 0.25
1 8 0.25
4 8 1.25
5 8 0.75
6 8 1.0
7 8 1.0
1 9 0.5
4 9 0.25
6 9 0.5
7 9 1.5
8 9 0.75
0 10 1.75
1 10 2.0
2 10 1.75
3 10 1.75
4 10 0.0
6 10 0.25
7 10 0.5
8 10 0.0
0 11 1.0
1 11 0.25
2 11 0.25
3 11 1.75
5 11 1.5
7 11 0.75
8 11 0.0
9 11 1.5
10 11 0.5
0 12 0.5
1 12 0.75
2 12 0.5
3 12 0.75
4 12 2.0
5 12 1.25
6 12 1.25
8 12 1.0
