flag 14 0 0.5 57 2
0 2 0.75
1 2 0.75
1 3 0.5
2 3 1.75
0 4 0.75
2 4 2.0
3 4 1.25
0 5 0.25
2 5 2.0
4 5 1.75
0 6 1.75
1 6 0.0
2 6 1.25
3 6 0.0
0 7 1.0
2 7 0.0
3 7 1.5
6 7 1.0
3 8 2.0
4 8 1.25
5 8 1.0
6 8 2.0
0 9 0.25
2 9 1.75
4 9 0.75
7 9 0.75
8 9 1.25
0 10 0.75
2 10 0.25
3 10 2.0
4 10 1.0
6 10 2.0
7 10 0.0
8 10 0.5
9 10 1.0
0 11 1.75
2 11 1.0
4 11 1.5
5 11 1.25
9 11 0.75
0 12 1.5
2 12 0.25
3 12 1.25
5 12 1.75
6 12 2.0
7 12 0.5
10 12 0.25
11 12 1.5
1 13 0.0
3 13 1.0
4 13 0.25
5 13 1.25
6 13 2.0
9 13 0.25
10 13 2.0
11 13 0.5
12 13 1.75
