flag 14 1 0.0 61 2
0 1 1.25
1 2 1.75
0 3 1.75
1 3 0.0
0 4 0.25
2 4 1.25
3 4 0.5
0 5 0.75
1 5 2.0
4 5 2.0
0 6 2.0
5 6 0.25
0 7 1.5
1 7 2.0
3 7 0.75
0 8 2.0
1 8 1.75
2 8 0.75
5 8 0.25
0 9 1.0
1 9 1.5
2 9 1.5
4 9 1.5
5 9 1.25
6 9 2.0
7 9 0.0
8 9 1.25
0 10 0.25
1 10 0.0
2 10 0.75
3 10 1.5
5 10 1.5
6 10 0.0
7 10 0.25
9 10 0.25
1 11 0.25
2 11 0.75
3 11 2.0
4 11 1.25
7 11 1.75
8 11 0.75
9 11 0.5
0 12 2.0
1 12 1.5
2 12 1.75
3 12 1.25
5 12 1.75
8 12 1.5
9 12 0.75
10 12 1.75
0 13 0.0
1 13 0.0
2 13 2.0
3 13 0.5
5 13 1.5
7 13 1.75
8 13 1.0
9 13 2.0
10 13 2.0
11 13 1.0
12 13 1.5
