flag 32 1 none 256 2
0 16 1.0
0 17 1.0
0 18 1.0
0 19 1.0
0 20 1.0
0 21 1.0
0 22 1.0
0 23 1.0
0 24 1.0
0 25 1.0
0 26 1.0
0 27 1.0
0 28 1.0
0 29 1.0
0 30 1.0
0 31 1.0
1 16 1.0
1 17 1.0
1 18 1.0
1 19 1.0
1 20 1.0
1 21 1.0
1 22 1.0
1 23 1.0
1 24 1.0
1 25 1.0
1 26 1.0
1 27 1.0
1 28 1.0
1 29 1.0
1 30 1.0
1 31 1.0
2 16 1.0
2 17 1.0
2 18 1.0
2 19 1.0
2 20 1.0
2 21 1.0
2 22 1.0
2 23 1.0
2 24 1.0
2 25 1.0
2 26 1.0
2 27 1.0
2 28 1.0
2 29 1.0
2 30 1.0
2 31 1.0
3 16 1.0
3 17 1.0
3 18 1.0
3 19 1.0
3 20 1.0
3 21 1.0
3 22 1.0
3 23 1.0
3 24 1.0
3 25 1.0
3 26 1.0
3 27 1.0
3 28 1.0
3 29 1.0
3 30 1.0
3 31 1.0
4 16 1.0
4 17 1.0
4 18 1.0
4 19 1.0
4 20 1.0
4 21 1.0
4 22 1.0
4 23 1.0
4 24 1.0
4 25 1.0
4 26 1.0
4 27 1.0
4 28 1.0
4 29 1.0
4 30 1.0
4 31 1.0
5 16 1.0
5 17 1.0
5 18 1.0
5 19 1.0
5 20 1.0
5 21 1.0
5 22 1.0
5 23 1.0
5 24 1.0
5 25 1.0
5 26 1.0
5 27 1.0
5 28 1.0
5 29 1.0
5 30 1.0
5 31 1.0
6 16 1.0
6 17 1.0
6 18 1.0
6 19 1.0
6 20 1.0
6 21 1.0
6 22 1.0
6 23 1.0
6 24 1.0
6 25 1.0
6 26 1.0
6 27 1.0
6 28 1.0
6 29 1.0
6 30 1.0
6 31 1.0
7 16 1.0
7 17 1.0
7 18 1.0
7 19 1.0
7 20 1.0
7 21 1.0
7 22 1.0
7 23 1.0
7 24 1.0
7 25 1.0
7 26 1.0
7 27 1.0
7 28 1.0
7 29 1.0
7 30 1.0
7 31 1.0
8 16 1.0
8 17 1.0
8 18 1.0
8 19 1.0
8 20 1.0
8 21 1.0
8 22 1.0
8 23 1.0
8 24 1.0
8 25 1.0
8 26 1.0
8 27 1.0
8 28 1.0
8 29 1.0
8 30 1.0
8 31 1.0
9 16 1.0
9 17 1.0
9 18 1.0
9 19 1.0
9 20 1.0
9 21 1.0
9 22 1.0
9 23 1.0
9 24 1.0
9 25 1.0
9 26 1.0
9 27 1.0
9 28 1.0
9 29 1.0
9 30 1.0
9 31 1.0
10 16 1.0
10 17 1.0
10 18 1.0
10 19 1.0
10 20 1.0
10 21 1.0
10 22 1.0
10 23 1.0
10 24 1.0
10 25 1.0
10 26 1.0
10 27 1.0
10 28 1.0
10 29 1.0
10 30 1.0
10 31 1.0
11 16 1.0
11 17 1.0
11 18 1.0
11 19 1.0
11 20 1.0
11 21 1.0
11 22 1.0
11 23 1.0
11 24 1.0
11 25 1.0
11 26 1.0
11 27 1.0
11 28 1.0
11 29 1.0
11 30 1.0
11 31 1.0
12 16 1.0
12 17 1.0
12 18 1.0
12 19 1.0
12 20 1.0
12 21 1.0
12 22 1.0
12 23 1.0
12 24 1.0
12 25 1.0
12 26 1.0
12 27 1.0
12 28 1.0
12 29 1.0
12 30 1.0
12 31 1.0
13 16 1.0
13 17 1.0
13 18 1.0
13 19 1.0
13 20 1.0
13 21 1.0
13 22 1.0
13 23 1.0
13 24 1.0
13 25 1.0
13 26 1.0
13 27 1.0
13 28 1.0
13 29 1.0
13 30 1.0
13 31 1.0
14 16 1.0
14 17 1.0
14 18 1.0
14 19 1.0
14 20 1.0
14 21 1.0
14 22 1.0
14 23 1.0
14 24 1.0
14 25 1.0
14 26 1.0
14 27 1.0
14 28 1.0
14 29 1.0
14 30 1.0
14 31 1.0
15 16 1.0
15 17 1.0
15 18 1.0
15 19 1.0
15 20 1.0
15 21 1.0
15 22 1.0
15 23 1.0
15 24 1.0
15 25 1.0
15 26 1.0
15 27 1.0
15 28 1.0
15 29 1.0
15 30 1.0
15 31 1.0
