dense 64 1 none 2016 3
0.5431661605834961
0.5513391494750977
0.4958648681640625
0.8993816375732422
0.3562154769897461
0.8520803451538086
0.5467567443847656
0.9018964767456055
1.0663022994995117
0.8095474243164062
0.6482410430908203
0.27950191497802734
0.6009397506713867
0.2511405944824219
0.6223945617675781
0.7945795059204102
0.41225624084472656
0.2432403564453125
0.7684717178344727
1.3095426559448242
0.6871480941772461
0.4428586959838867
0.11719512939453125
0.37866973876953125
0.47341060638427734
0.9578218460083008
0.33542728424072266
0.35172080993652344
0.8962640762329102
0.5093307495117188
0.7601757049560547
0.601679801940918
1.4112272262573242
0.7888326644897461
0.6765670776367188
0.45340538024902344
0.8318538665771484
0.32817745208740234
0.7845525741577148
0.42052650451660156
1.2300739288330078
0.6076793670654297
0.7009439468383789
0.4058828353881836
0.1811532974243164
1.0764656066894531
0.6895322799682617
0.569361686706543
0.7818813323974609
1.5914287567138672
0.9690341949462891
0.48575305938720703
0.6336069107055664
0.19081401824951172
0.3613548278808594
0.7579364776611328
0.3710031509399414
0.5188493728637695
0.4633522033691406
1.2728996276855469
0.6505050659179688
0.4352407455444336
0.3150777816772461
0.24132633209228516
0.2657032012939453
0.3185291290283203
0.7277050018310547
0.3407716751098633
0.17636585235595703
0.6937141418457031
1.2426681518554688
0.6202735900878906
0.07475757598876953
0.28484630584716797
0.6018095016479492
0.6261863708496094
0.4109954833984375
0.36048316955566406
0.8187274932861328
0.5178079605102539
0.7714262008666992
0.4254589080810547
0.38408851623535156
0.23830604553222656
0.9254541397094727
0.5737333297729492
1.0271387100219727
0.8459854125976562
1.2073402404785156
0.8888111114501953
0.8585796356201172
0.9307594299316406
0.5438261032104492
0.37942028045654297
0.6361751556396484
1.4457225799560547
0.8233280181884766
0.2526979446411133
0.4879007339477539
0.42386913299560547
0.4482460021972656
0.23305511474609375
0.1825428009033203
0.20305442810058594
1.0616340637207031
0.7405014038085938
0.3352689743041992
0.6932001113891602
0.242919921875
0.5666275024414062
0.09226036071777344
0.742915153503418
0.39119434356689453
0.844599723815918
0.6634464263916016
1.024801254272461
0.7062721252441406
0.6760406494140625
0.1825389862060547
0.8790950775146484
0.47791385650634766
0.09098052978515625
0.4079437255859375
0.4441366195678711
0.9928770065307617
0.3704824447631836
0.32433509826660156
0.03505516052246094
0.4183502197265625
0.37660884857177734
0.5985517501831055
0.28002262115478516
0.24979114532470703
0.6087884902954102
0.45284557342529297
0.42624950408935547
0.1966571807861328
0.7398233413696289
0.3939542770385742
1.096038818359375
0.7434139251708984
0.8448982238769531
0.6371946334838867
0.6226282119750977
1.004134178161621
1.0285110473632812
0.9190807342529297
0.7628078460693359
0.5703201293945312
1.0153846740722656
0.7733745574951172
0.9371585845947266
0.6519021987915039
0.6011190414428711
0.057952880859375
0.5538177490234375
0.2982625961303711
0.9276514053344727
0.30525684356689453
0.47020912170410156
0.17514801025390625
0.48357582092285156
0.30242252349853516
0.6637773513793945
0.3452482223510742
0.39545154571533203
0.5435628890991211
0.518071174621582
0.3610239028930664
0.1458740234375
0.7977762222290039
0.2029094696044922
0.6293821334838867
0.34842967987060547
0.9855976104736328
0.7178726196289062
0.7344570159912109
0.591670036315918
0.5121870040893555
0.8936929702758789
0.9180698394775391
0.8735561370849609
0.6523666381835938
0.5247955322265625
0.9049434661865234
0.7278499603271484
0.8267173767089844
0.5414609909057617
0.11044120788574219
0.6873350143432617
0.15020465850830078
0.6933708190917969
0.5048675537109375
1.049586296081543
0.6969614028930664
0.7984457015991211
0.74810791015625
0.5761756896972656
0.9576816558837891
0.9820585250854492
1.029994010925293
0.7163553237915039
0.6812334060668945
0.9689321517944336
0.8842878341674805
0.8907060623168945
0.6054496765136719
0.11091327667236328
0.7513236999511719
0.15643787384033203
0.7931003570556641
0.40616703033447266
0.25090885162353516
0.6011714935302734
1.3080635070800781
0.6856689453125
0.16730022430419922
0.35024166107177734
0.5092668533325195
0.5336437225341797
0.3184528350830078
0.2679405212402344
0.09254264831542969
0.9239749908447266
0.13765907287597656
0.7414360046386719
0.3151865005493164
0.6357154846191406
0.38041210174560547
0.5901908874511719
0.7466287612915039
0.8699026107788086
0.4829692840576172
0.6464385986328125
0.5753183364868164
1.3848657608032227
0.7624711990356445
0.5628299713134766
0.4270439147949219
0.11373710632324219
0.15479183197021484
0.20656299591064453
0.12758922576904297
0.48807239532470703
1.000777244567871
0.3101320266723633
0.8182382583618164
0.39198875427246094
0.8903970718383789
0.45721435546875
0.7799558639526367
0.8439445495605469
0.39552974700927734
0.9269514083862305
0.5083522796630859
0.8796501159667969
0.6007013320922852
1.4102487564086914
0.7878541946411133
0.7960414886474609
0.5009803771972656
0.11947441101074219
0.1801748275756836
0.3102884292602539
0.36080074310302734
0.7212839126586914
1.0261602401733398
0.5433435440063477
0.8436212539672852
0.4717063903808594
1.1236085891723633
0.48259735107421875
1.013167381286621
1.0771560668945312
0.6287412643432617
0.23321151733398438
0.17423248291015625
0.5611658096313477
0.7255716323852539
0.7753372192382812
0.4227123260498047
0.5241966247558594
0.9688119888305664
0.617091178894043
1.0704965591430664
0.88934326171875
1.2506980895996094
0.9321689605712891
0.9019374847412109
0.6946830749511719
1.1049919128417969
0.6164569854736328
0.6521463394165039
0.3316173553466797
0.5869207382202148
0.37714195251464844
0.2742490768432617
0.9673328399658203
1.0441350936889648
1.0695180892944336
0.31874942779541016
0.3141193389892578
0.47852516174316406
0.580632209777832
0.5877771377563477
0.32949161529541016
0.7217655181884766
0.3700447082519531
0.8234500885009766
0.6422967910766602
1.0036516189575195
0.6851224899291992
0.6548910140991211
0.49997806549072266
0.857945442199707
0.4217519760131836
0.40509986877441406
0.515406608581543
0.339874267578125
0.4049654006958008
0.46895408630371094
0.7202863693237305
0.797088623046875
0.8224716186523438
0.24704647064208984
0.40178680419921875
0.5364408493041992
0.7008466720581055
0.49759483337402344
0.36545562744140625
0.2569389343261719
0.944087028503418
0.5923662185668945
1.045771598815918
0.8646183013916016
1.225973129272461
0.9074440002441406
0.8772125244140625
0.41694068908691406
1.0802669525146484
0.338714599609375
0.6274213790893555
0.5984439849853516
0.5621957778930664
0.4880027770996094
0.5519914627075195
0.9426078796386719
1.0194101333618164
1.0447931289672852
0.2777423858642578
0.2223215103149414
0.0634469985961914
0.6066131591796875
0.5632705688476562
0.9628286361694336
0.610203742980957
0.7116880416870117
0.8065109252929688
0.48941802978515625
0.9081954956054688
0.8953008651733398
1.0883970260620117
0.7698678970336914
0.7396364212036133
0.8821744918823242
0.9426908493041992
0.8039484024047852
0.5186920166015625
0.16931629180908203
0.6645660400390625
0.21484088897705078
0.08675765991210938
0.8050317764282227
0.8818340301513672
0.9903984069824219
0.18749141693115234
0.38219642639160156
0.46523380279541016
0.5460147857666016
0.09137630462646484
0.49871349334716797
0.3533668518066406
0.9932727813720703
0.3708782196044922
0.41510486602783203
0.12004375457763672
0.4179544448852539
0.2858390808105469
0.5981559753417969
0.27962684631347656
0.3403472900390625
0.6091842651367188
0.4524497985839844
0.42664527893066406
0.09076976776123047
0.7426719665527344
0.06562137603759766
0.6322307586669922
0.6962194442749023
0.3147907257080078
0.39159297943115234
0.4169759750366211
0.6525421142578125
0.40549564361572266
0.6278171539306641
0.609461784362793
0.6025066375732422
0.21037578582763672
0.5552053451538086
0.30272483825683594
1.1122722625732422
0.48987770080566406
0.47159671783447266
0.17653560638427734
0.29895496368408203
0.22934722900390625
0.479156494140625
0.1606273651123047
0.3968391418457031
0.7281837463378906
0.3334503173828125
0.5456447601318359
0.1472616195678711
0.799163818359375
0.18462085723876953
0.6887226104736328
0.752711296081543
0.30429649353027344
0.27259349822998047
0.3244447708129883
0.7715415954589844
0.5244951248168945
0.7468166351318359
0.6659536361694336
0.11899948120117188
0.9579286575317383
0.4147624969482422
0.9106273651123047
0.24717998504638672
1.056727409362793
0.43433284759521484
0.8270187377929688
0.5319576263427734
0.35449981689453125
0.17334651947021484
0.5347013473510742
0.39177799224853516
0.7522611618041992
0.6726388931274414
0.5743207931518555
0.4900999069213867
0.5026836395263672
1.154585838317871
0.3568096160888672
1.044144630432129
1.108133316040039
0.6597185134887695
0.3281383514404297
0.35352134704589844
0.8338842391967773
0.6391792297363281
0.6912717819213867
1.0213756561279297
0.4119138717651367
0.3554220199584961
0.14411640167236328
0.3990497589111328
0.4940910339355469
0.7552652359008789
0.5722112655639648
0.504124641418457
0.7373313903808594
0.38561058044433594
0.8390159606933594
0.6877374649047852
1.0192174911499023
0.700688362121582
0.6704568862915039
0.6746110916137695
0.8735113143920898
0.5963850021362305
0.4206657409667969
0.3407735824584961
0.4570026397705078
0.2303323745727539
0.29432106018066406
0.7358522415161133
0.8126544952392578
0.8380374908447266
0.23148059844970703
0.17463302612304688
0.25767040252685547
0.2075634002685547
0.42106151580810547
0.5400609970092773
0.813812255859375
0.5586833953857422
0.5522737503051758
0.716679573059082
0.45992469787597656
0.3496227264404297
0.27277183532714844
0.9599199295043945
0.6081991195678711
1.0616044998168945
0.8804512023925781
1.2418060302734375
0.9232769012451172
0.8930454254150391
0.2600440979003906
1.096099853515625
0.21700477600097656
0.643254280090332
0.755340576171875
0.578028678894043
0.6448993682861328
0.708888053894043
0.9584407806396484
1.035243034362793
1.0606260299682617
0.43463897705078125
0.23993396759033203
0.15689659118652344
0.6221303939819336
0.6436500549316406
0.7626495361328125
0.7071046829223633
0.4145669937133789
1.255035400390625
0.7118692398071289
1.2077341079711914
0.3556537628173828
1.0055580139160156
0.6067943572998047
1.1241254806518555
0.8290643692016602
0.4475584030151367
0.42318153381347656
0.6383724212646484
0.6888847351074219
1.049367904663086
0.6214694976806641
0.8714275360107422
0.5145339965820312
0.7997903823852539
1.4516925811767578
0.6539163589477539
1.3412513732910156
1.4052400588989258
0.9568252563476562
0.5612955093383789
0.4046907424926758
1.130990982055664
0.9362859725952148
0.8532485961914062
1.3184823989868164
0.7090206146240234
0.6525287628173828
0.2971067428588867
1.1109189987182617
0.6963520050048828
0.700343132019043
0.31340980529785156
0.4604530334472656
0.4057588577270508
1.215306282043457
0.5929117202758789
0.3768444061279297
0.25748443603515625
0.29972267150878906
0.3240995407104492
0.37612247467041016
0.058396339416503906
0.30208683013916016
0.8312177658081055
0.23041629791259766
0.6486787796020508
0.2224292755126953
0.704411506652832
0.2876548767089844
0.5939702987670898
0.657958984375
0.20954418182373047
0.18598556518554688
0.41919708251953125
0.8745756149291992
0.6275291442871094
0.8498506546020508
0.7122745513916016
0.22203350067138672
0.10303401947021484
0.45017433166503906
0.6430950164794922
0.8656835556030273
0.7472810745239258
0.7432022094726562
0.35626888275146484
0.5357294082641602
0.44861793518066406
1.2581653594970703
0.6357707977294922
0.4521207809448242
0.30034351348876953
0.22444629669189453
0.2488231658935547
0.3332633972167969
0.016880035400390625
0.3773632049560547
0.8740768432617188
0.19942283630371094
0.6915378570556641
0.2652883529663086
0.7796878814697266
0.33051395416259766
0.6692466735839844
0.7332353591918945
0.284820556640625
0.12670040130615234
0.3439207077026367
0.9174346923828125
0.6703882217407227
0.8927097320556641
0.7551336288452148
0.264892578125
0.14589309692382812
0.37489795684814453
0.6859540939331055
0.9085426330566406
0.6720046997070312
0.07527637481689453
0.7087383270263672
0.3218050003051758
0.4036874771118164
0.4483928680419922
1.2237014770507812
0.6013069152832031
0.32007884979248047
0.26587963104248047
0.3564882278442383
0.38086509704589844
0.36772727966308594
0.11516189575195312
0.24532127380371094
0.8396129608154297
0.22202110290527344
0.657073974609375
0.23082447052001953
0.6476459503173828
0.2960500717163086
0.5372047424316406
0.662266731262207
0.15277862548828125
0.2427511215209961
0.47596263885498047
0.8829708099365234
0.6359243392944336
0.858245849609375
0.7206697463989258
0.23042869567871094
0.1515178680419922
0.5069398880004883
0.6514902114868164
0.8740787506103516
0.804046630859375
0.05676555633544922
0.13204193115234375
0.7877235412597656
0.4007902145385742
0.30082225799560547
0.5512580871582031
1.3026866912841797
0.6802921295166016
0.21721363067626953
0.3448648452758789
0.4593534469604492
0.4837303161621094
0.2887420654296875
0.21802711486816406
0.1424560546875
0.9185981750488281
0.143035888671875
0.7360591888427734
0.30980968475341797
0.6303386688232422
0.37503528594970703
0.5848140716552734
0.7412519454956055
0.04991340637207031
0.34561634063720703
0.5788278579711914
0.9619560241699219
0.714909553527832
0.9372310638427734
0.7996549606323242
0.3094139099121094
0.2543830871582031
0.6098051071166992
0.7304754257202148
0.95306396484375
0.9069118499755859
0.15963077545166016
0.2349071502685547
0.10286521911621094
0.537470817565918
0.1626758575439453
0.4901695251464844
0.3619108200073242
0.7392206192016602
0.11682605743408203
0.5703220367431641
0.21860122680664062
0.6720066070556641
0.49085330963134766
0.852208137512207
0.5336790084838867
0.5034475326538086
0.3551321029663086
0.7065019607543945
0.20303058624267578
0.25365638732910156
0.7341279983520508
0.1884307861328125
0.6236867904663086
0.6876754760742188
0.568842887878418
0.6456451416015625
0.6710281372070312
0.41342639923095703
0.2187213897705078
0.3737649917602539
0.6009178161621094
0.25405216217041016
0.37305164337158203
0.4204578399658203
0.3933544158935547
0.38959789276123047
0.717564582824707
0.4760856628417969
0.5189447402954102
0.4844808578491211
0.5634660720825195
0.37967967987060547
0.5589580535888672
0.1716594696044922
0.9151735305786133
0.8946428298950195
0.6640329360961914
0.4148998260498047
0.44176292419433594
0.8232688903808594
0.8476457595825195
0.6967859268188477
0.5819425582885742
0.3480253219604492
0.8345193862915039
0.5510797500610352
0.7562932968139648
0.4710369110107422
0.22229480743408203
0.6169109344482422
0.17677021026611328
0.3332080841064453
0.4134206771850586
0.7095317840576172
0.9427433013916016
0.5539121627807617
0.33454132080078125
0.5291872024536133
0.39161109924316406
0.5618066787719727
0.6182985305786133
0.9737205505371094
0.3224315643310547
0.5744752883911133
1.270827293395996
0.5235462188720703
0.5988225936889648
0.4667806625366211
0.40804386138916016
0.5532627105712891
1.004136085510254
0.6172027587890625
0.45279693603515625
0.7095518112182617
1.519099235534668
0.8967046737670898
0.2539501190185547
0.5612773895263672
0.42261695861816406
0.4469938278198242
0.23180294036865234
0.2461996078491211
0.2764310836791992
1.1350107192993164
0.07337665557861328
0.9524717330932617
0.5262222290039062
0.8467512130737305
0.5914478302001953
0.8012266159057617
0.9576644897460938
0.21103572845458984
0.3088798522949219
0.5420913696289062
1.1783685684204102
0.9313220977783203
1.1536436080932617
1.0160675048828125
0.5258264541625977
0.4068269729614258
0.5730686187744141
0.9468879699707031
1.1694765090942383
0.8701753616333008
0.30379295349121094
0.26093387603759766
0.2953977584838867
0.21641254425048828
0.7798786163330078
0.6244564056396484
0.832550048828125
0.4456167221069336
0.5933713912963867
0.5379657745361328
1.347513198852539
0.7251186370849609
0.5097627639770508
0.3896913528442383
0.16680431365966797
0.19118118286132812
0.24391555786132812
0.07461357116699219
0.43500518798828125
0.9634246826171875
0.2570648193359375
0.7808856964111328
0.35463619232177734
0.8373298645019531
0.4198617935180664
0.7268886566162109
0.7908773422241211
0.34246253967285156
0.05306720733642578
0.28627872467041016
1.0067825317382812
0.7597360610961914
0.9820575714111328
0.8444814682006836
0.35424041748046875
0.23524093627929688
0.31725597381591797
0.7753019332885742
0.9978904724121094
0.6143627166748047
0.1329183578491211
0.08934783935546875
0.1896839141845703
0.29254913330078125
0.6082925796508789
0.6564645767211914
0.2558126449584961
0.5981082916259766
0.7034463882446289
0.8678522109985352
0.6110973358154297
0.19845008850097656
0.42394447326660156
1.1110925674438477
0.7593717575073242
1.2127771377563477
1.0316238403320312
1.3929786682128906
1.0744495391845703
1.0442180633544922
0.22061920166015625
1.2472724914550781
0.3681774139404297
0.7944269180297852
0.7947654724121094
0.7292013168334961
0.6843242645263672
0.7483129501342773
1.1096134185791016
1.186415672302246
1.2117986679077148
0.4740638732910156
0.3893270492553711
0.1963214874267578
0.661555290222168
0.7948226928710938
0.9138221740722656
0.8582773208618164
0.4539918899536133
0.15117263793945312
0.8071079254150391
1.0168561935424805
1.0597152709960938
1.0252513885498047
1.1042366027832031
0.5407705307006836
0.696192741394043
1.3206491470336914
1.1490631103515625
1.0601892471313477
0.6732559204101562
0.50885009765625
0.7656049728393555
1.5751523971557617
0.9527578353881836
0.3781242370605469
0.6173305511474609
0.2984428405761719
0.3450784683227539
0.10762882232666016
0.30225276947021484
0.33248424530029297
1.1910638809204102
0.12942981719970703
1.0085248947143555
0.582275390625
0.9028043746948242
0.6475009918212891
0.8572797775268555
1.0137176513671875
0.2670888900756836
0.19028663635253906
0.41791725158691406
1.234421730041504
0.9873752593994141
1.2096967697143555
1.0721206665039062
0.5818796157836914
0.46288013458251953
0.5184249877929688
1.0029411315917969
1.225529670715332
0.7460012435913086
0.3598461151123047
0.3169870376586914
0.35145092010498047
0.27246570587158203
0.8359317779541016
0.6805095672607422
0.12417411804199219
0.22763919830322266
1.3767023086547852
0.24618148803710938
0.48920536041259766
0.3051576614379883
0.8454208374023438
0.7611446380615234
0.5942802429199219
0.5483980178833008
0.3720102310180664
0.7535161972045898
0.77789306640625
0.8302841186523438
0.5121898651123047
0.4815235137939453
0.7647666931152344
0.6845779418945312
0.6865406036376953
0.40128421783447266
0.25061798095703125
0.5471582412719727
0.14017677307128906
0.20416545867919922
0.5469188690185547
0.6397790908813477
0.872990608215332
0.4204139709472656
0.2647886276245117
0.3956890106201172
0.25811290740966797
0.4920539855957031
0.5485458374023438
0.9039678573608398
0.1889333724975586
0.5047225952148438
1.2010746002197266
0.4541616439819336
0.5290699005126953
0.4625568389892578
0.5415420532226562
0.48351001739501953
0.1334981918334961
0.7579545974731445
0.5867118835449219
0.5626945495605469
0.8140077590942383
0.96832275390625
0.4251565933227539
0.9210214614868164
0.12102317810058594
0.6885242462158203
0.3200817108154297
0.8374128341674805
0.5423517227172852
0.7227029800415039
0.5415496826171875
0.9029045104980469
0.5843753814697266
0.7626552581787109
0.30443572998046875
0.7571983337402344
0.22782135009765625
0.5130777359008789
1.1649799346923828
0.3672037124633789
1.0545387268066406
1.1185274124145508
0.6701126098632812
0.6963415145874023
0.7217245101928711
0.8442783355712891
0.6495733261108398
0.5665359497070312
1.0317697525024414
0.42230796813964844
0.4237480163574219
0.36820316314697266
0.8242063522338867
0.4096393585205078
0.3170337677001953
0.5267820358276367
0.56964111328125
0.5351772308349609
0.6201992034912109
0.43085193634033203
0.9841146469116211
0.8305749893188477
0.6589889526367188
0.49007415771484375
0.8866281509399414
0.9143619537353516
0.1424560546875
0.44229793548583984
0.6067037582397461
0.7569255828857422
0.4595985412597656
0.5057849884033203
0.8499441146850586
0.49822330474853516
0.9516286849975586
0.7704753875732422
1.1318302154541016
0.8133010864257812
0.7830696105957031
0.6762714385986328
0.9861240386962891
0.5980453491210938
0.5332784652709961
0.3391132354736328
0.46805286407470703
0.2582740783691406
0.2926607131958008
0.8484649658203125
0.925267219543457
0.9506502151489258
0.11886787414550781
0.17629337310791016
0.25933074951171875
0.2059030532836914
0.5336742401123047
0.6526737213134766
0.8154726028442383
0.11261272430419922
0.4162273406982422
1.112579345703125
0.7557077407836914
0.7985668182373047
0.7641029357910156
0.8430881500244141
0.39501476287841797
0.4350442886352539
1.0595006942749023
0.8879146575927734
0.45565223693847656
1.115553855895996
0.3015460968017578
0.82586669921875
0.8300504684448242
0.4691028594970703
0.7827491760253906
0.3767538070678711
0.43279361724853516
0.18960094451904297
0.8767490386962891
0.5250282287597656
0.9784336090087891
0.7972803115844727
1.158635139465332
0.8401060104370117
0.8098745346069336
0.048705101013183594
1.0129289627075195
0.1338338851928711
0.5600833892822266
1.026707649230957
0.4948577880859375
0.9162664413452148
0.980255126953125
0.875269889831543
0.9520721435546875
0.9774551391601562
0.7060060501098633
0.5113010406494141
0.42826366424560547
0.8934974670410156
0.5604791641235352
0.679478645324707
0.6239337921142578
0.6859340667724609
0.27136707305908203
0.5727643966674805
0.7825126647949219
0.8253717422485352
0.7909078598022461
0.8698930740356445
0.306427001953125
0.8458423614501953
1.0863056182861328
0.9147195816040039
0.2343435287475586
1.1423587799072266
0.7760896682739258
0.25573062896728516
0.6875944137573242
0.35091400146484375
0.6634588241577148
0.8278646469116211
0.5711097717285156
0.23843765258789062
0.3839569091796875
1.0711050033569336
0.7193841934204102
1.1727895736694336
0.9916362762451172
1.3529911041259766
1.0344619750976562
1.0042304992675781
0.46781349182128906
1.207284927368164
0.38958740234375
0.7544393539428711
0.5475711822509766
0.689213752746582
0.4794349670410156
0.5011186599731445
1.0696258544921875
1.146428108215332
1.1718111038208008
0.2268695831298828
0.34933948516845703
0.12701797485351562
0.41436100006103516
0.7548351287841797
0.8738346099853516
0.8182897567749023
0.3337736129760742
0.20776939392089844
0.9041213989257812
0.9768686294555664
1.0197277069091797
0.9852638244628906
1.064249038696289
0.5007829666137695
0.6562051773071289
1.2806615829467773
1.1090755462646484
0.2471942901611328
1.336714744567871
0.5227069854736328
0.6174087524414062
0.221160888671875
0.47913646697998047
0.10763740539550781
0.4355287551879883
0.44929981231689453
0.7917442321777344
0.6170024871826172
0.5406036376953125
0.692540168762207
0.3408193588256836
0.794224739074707
0.7242164611816406
0.97442626953125
0.6558971405029297
0.6256656646728516
0.711090087890625
0.8287200927734375
0.6328639984130859
0.37587451934814453
0.3042945861816406
0.4934816360473633
0.19385337829589844
0.2578420639038086
0.6910610198974609
0.7678632736206055
0.8193140029907227
0.2762718200683594
0.21111202239990234
0.29414939880371094
0.17108440399169922
0.43837738037109375
0.495269775390625
0.8502912521362305
0.044791221618652344
0.4510459899902344
1.1473979949951172
0.5983037948608398
0.6411628723144531
0.6066989898681641
0.6856842041015625
0.42983341217041016
0.27764034271240234
0.9020967483520508
0.7305107116699219
0.49047088623046875
0.9581499099731445
0.14414215087890625
0.8606853485107422
0.15740394592285156
0.7224130630493164
0.37856483459472656
0.7646551132202148
0.22148895263671875
0.7173538208007812
0.13472652435302734
0.904261589050293
0.28186702728271484
0.6337451934814453
0.33868408203125
0.5069656372070312
0.32581233978271484
0.6871671676635742
0.3686380386352539
0.5589876174926758
0.5201730728149414
0.5414609909057617
0.3376340866088867
0.30941009521484375
0.9613122940063477
0.16353607177734375
0.8508710861206055
0.9148597717285156
0.4664449691772461
0.4806041717529297
0.5059871673583984
0.6406106948852539
0.4459056854248047
0.5388059616088867
0.8281021118164062
0.21864032745361328
0.20801067352294922
0.19327354431152344
0.6205387115478516
0.5546388626098633
0.49038028717041016
0.31104469299316406
0.35390377044677734
0.3194398880004883
0.4165315628051758
0.22718429565429688
0.7804470062255859
0.614837646484375
0.4432516098022461
0.7058115005493164
0.6708908081054688
0.7106943130493164
0.21573734283447266
0.6221990585327148
0.4714679718017578
0.6658239364624023
0.657017707824707
0.40314769744873047
0.9463138580322266
0.45044898986816406
1.3025293350219727
0.9499044418334961
1.0513887405395508
0.5340576171875
0.8291187286376953
1.2106246948242188
1.235001564025879
1.019810676574707
0.9692983627319336
0.6088151931762695
1.2218751907348633
0.7867555618286133
1.1436491012573242
0.8583927154541016
0.20649051666259766
1.0042667388916016
0.31693172454833984
0.30364990234375
0.7013578414916992
1.0968875885009766
1.330099105834961
0.5271921157836914
0.7218971252441406
0.8049345016479492
0.36205291748046875
0.949162483215332
1.0056543350219727
1.3610763549804688
0.5472640991210938
0.9618310928344727
1.6581830978393555
0.9109020233154297
0.9861783981323242
0.8541364669799805
0.7512712478637695
0.9406185150146484
0.3873558044433594
0.7880077362060547
1.0438203811645508
1.001255989074707
0.9121818542480469
0.4571084976196289
1.3714704513549805
0.5456037521362305
1.2331981658935547
0.7540616989135742
0.5107851028442383
1.1678028106689453
0.6488533020019531
0.38867855072021484
0.10718631744384766
0.7448940277099609
1.1638164520263672
0.5414218902587891
0.14572620391845703
0.2714834213256836
0.652989387512207
0.6773662567138672
0.4621753692626953
0.4116630554199219
0.07885169982910156
0.7797279357910156
0.2819061279296875
0.5971889495849609
0.30075740814208984
0.4914684295654297
0.44663143157958984
0.44594383239746094
0.602381706237793
0.14424705505371094
0.5392522811889648
0.7724637985229492
0.8230857849121094
0.5760393142700195
0.7983608245849609
0.6607847213745117
0.3915271759033203
0.44801902770996094
0.803441047668457
0.5916051864624023
0.8141937255859375
1.1005477905273438
0.35326671600341797
0.4285430908203125
0.29650115966796875
0.1936359405517578
0.42459583282470703
0.26917362213134766
0.3552827835083008
0.48618507385253906
0.9653663635253906
0.41133594512939453
0.40267181396484375
0.8138351440429688
0.7042179107666016
0.731022834777832
0.9253787994384766
0.54681396484375
0.6101675033569336
0.5576353073120117
1.29437255859375
0.7512063980102539
1.2470712661743164
0.3949909210205078
0.7476158142089844
0.6461315155029297
1.1634626388549805
0.8684015274047852
0.7422685623168945
0.5611152648925781
0.9224700927734375
0.7282218933105469
1.088705062866211
0.4756450653076172
0.9107646942138672
0.5538711547851562
0.8391275405883789
1.4910297393798828
0.6932535171508789
1.3805885314941406
1.4445772171020508
0.9961624145507812
0.715907096862793
0.7412900924682617
1.170328140258789
0.9756231307983398
0.8925857543945312
1.3578195571899414
0.7483577728271484
0.6918659210205078
0.3877687454223633
1.1502561569213867
0.7356891632080078
0.33659934997558594
0.7866182327270508
0.7113418579101562
0.8433837890625
0.9462490081787109
0.756901741027832
1.310164451599121
0.9095125198364258
0.6785545349121094
0.6962642669677734
0.906193733215332
1.2404117584228516
0.3260498046875
1.15191650390625
0.4643220901489258
0.9434585571289062
1.1867351531982422
0.5297174453735352
1.6975202560424805
1.1398849487304688
0.7856740951538086
0.3987407684326172
0.29967308044433594
0.5524072647094727
1.3006372451782227
0.6782426834106445
0.216064453125
0.3428153991699219
0.46050262451171875
0.4848794937133789
0.29079151153564453
0.2191762924194336
0.14130687713623047
0.9165487289428711
0.14508533477783203
0.7340097427368164
0.30776023864746094
0.6282892227172852
0.37298583984375
0.5827646255493164
0.7392024993896484
0.04876422882080078
0.34676551818847656
0.5799770355224609
0.9599065780639648
0.712860107421875
0.9351816177368164
0.7976055145263672
0.30736446380615234
0.25553226470947266
0.6109542846679688
0.7284259796142578
0.951014518737793
0.9080610275268555
0.1607799530029297
0.23605632781982422
0.10401439666748047
0.0020494461059570312
0.5614166259765625
0.4059944152832031
0.2184619903564453
0.2936983108520508
1.102187156677246
0.27451515197753906
0.5394926071166992
0.6213483810424805
0.841038703918457
0.8678436279296875
1.062199592590332
0.6836347579956055
0.4176807403564453
0.7501220703125
0.19248676300048828
0.9473981857299805
1.0461397171020508
0.5029735565185547
0.9988384246826172
0.1467580795288086
0.6899404525756836
0.39789867401123047
0.9152297973632812
0.6201686859130859
0.7212867736816406
0.5401334762573242
0.9014883041381836
0.5829591751098633
0.8404722213745117
0.30585193634033203
0.7557821273803711
0.30563831329345703
0.5908946990966797
1.2427968978881836
0.4450206756591797
1.1323556900024414
1.1963443756103516
0.747929573059082
0.6949253082275391
0.7203083038330078
0.9220952987670898
0.7273902893066406
0.644352912902832
1.1095867156982422
0.5001249313354492
0.4436330795288086
0.3667869567871094
0.9020233154296875
0.4874563217163086
0.31561756134033203
0.5383853912353516
0.5682249069213867
0.5951509475708008
0.6980161666870117
0.5086688995361328
1.0619316101074219
0.8291587829589844
0.6575727462768555
0.49149036407470703
0.8852119445800781
0.9921789169311523
0.07781696319580078
0.9036836624145508
0.25714683532714844
0.695225715637207
0.938502311706543
0.28148460388183594
1.4492874145507812
0.8916521072387695
0.24823284149169922
0.6991653442382812
0.3197307586669922
0.7066640853881836
0.8710699081420898
0.6929531097412109
0.3403282165527344
0.44181251525878906
1.1143102645874023
0.7625894546508789
1.2159948348999023
1.034841537475586
1.3961963653564453
1.077667236328125
1.0474357604980469
0.6122989654541016
1.2504901885986328
0.5340728759765625
0.7976446151733398
0.4771156311035156
0.7324190139770508
0.5226402282714844
0.36620235443115234
1.1128311157226562
1.1896333694458008
1.2150163650512695
0.14549827575683594
0.3925447463989258
0.1953582763671875
0.3077993392944336
0.7980403900146484
0.9170398712158203
0.8614950180053711
0.37697887420654297
0.35225486755371094
1.0486068725585938
1.0200738906860352
1.0629329681396484
1.0284690856933594
1.1074542999267578
0.5439882278442383
0.6994104385375977
1.323866844177246
1.1522808074951172
0.3916797637939453
1.3799200057983398
0.5659122467041016
0.7618942260742188
0.26436614990234375
0.623621940612793
0.1444854736328125
0.4217700958251953
0.7090291976928711
0.6698522567749023
0.9685840606689453
1.0879440307617188
1.1054048538208008
0.8397111892700195
1.0178489685058594
0.4746828079223633
0.9705476760864258
0.11846733093261719
0.7267971038818359
0.36960792541503906
0.8869390487670898
0.5918779373168945
0.6844301223754883
0.5032768249511719
0.8646316528320312
0.5461025238037109
0.8121814727783203
0.3427085876464844
0.7189254760742188
0.2773475646972656
0.5626039505004883
1.2145061492919922
0.4167299270629883
1.10406494140625
1.1680536270141602
0.7196388244628906
0.6580686569213867
0.6834516525268555
0.8938045501708984
0.6990995407104492
0.6160621643066406
1.0812959671020508
0.4718341827392578
0.4153423309326172
0.32993030548095703
0.8737325668334961
0.4591655731201172
0.2787609100341797
0.5100946426391602
0.5313682556152344
0.5668601989746094
0.6697254180908203
0.4803781509399414
1.0336408615112305
0.792302131652832
0.6207160949707031
0.5283470153808594
0.8483552932739258
0.9638881683349609
0.049526214599609375
0.8753929138183594
0.2940034866333008
0.6669349670410156
0.9102115631103516
0.25319385528564453
1.4209966659545898
0.8633613586425781
0.2765235900878906
0.6708745956420898
0.036856651306152344
0.8114204406738281
1.0093460083007812
0.46617984771728516
0.9620447158813477
0.39571571350097656
1.2052631378173828
0.5828685760498047
0.8784360885620117
0.5833749771118164
0.2059640884399414
0.1774921417236328
0.3926830291748047
0.4431953430175781
0.8036785125732422
0.8211746215820312
0.6257381439208984
0.6386356353759766
0.5541009902954102
1.206003189086914
0.40822696685791016
1.0955619812011719
1.159550666809082
0.7111358642578125
0.31560611724853516
0.2049856185913086
0.8853015899658203
0.6905965805053711
0.8398075103759766
1.0727930068969727
0.4633312225341797
0.40683937072753906
0.14853572845458984
0.865229606628418
0.8556404113769531
0.24568939208984375
0.501591682434082
0.4263153076171875
0.5583572387695312
0.6612224578857422
0.4718751907348633
1.0251379013061523
0.624485969543457
0.36867332458496094
1.0068130493164062
0.5003118515014648
0.9553852081298828
0.5167388916015625
0.8668899536132812
0.7724695205688477
0.9668254852294922
0.9017086029052734
0.30100154876708984
1.4124937057495117
0.8548583984375
0.5363044738769531
0.6623716354370117
0.5153226852416992
1.010030746459961
0.4784660339355469
0.9527578353881836
0.5012664794921875
0.90545654296875
0.4089174270629883
0.40600109100341797
0.3045167922973633
0.9089126586914062
0.5571918487548828
1.0105972290039062
0.8294439315795898
1.1907987594604492
0.8722696304321289
0.8420381546020508
0.13403034210205078
1.0450925827026367
0.21225643157958984
0.5922470092773438
1.1494150161743164
0.5270214080810547
1.0389738082885742
1.1029624938964844
0.9074335098266602
0.9842357635498047
1.0096187591552734
0.8287134170532227
0.6340084075927734
0.5509710311889648
1.016204833984375
0.5926427841186523
0.7116422653198242
0.656097412109375
0.8086414337158203
0.3940744400024414
0.6049280166625977
0.8146762847900391
0.8575353622436523
0.8230714797973633
0.9020566940307617
0.4152870178222656
0.9685497283935547
1.11846923828125
0.9468832015991211
0.35464954376220703
1.1745223999023438
0.8987970352172852
0.28789424896240234
0.8103017807006836
0.12270736694335938
0.6018438339233398
0.8451204299926758
0.503631591796875
1.355905532836914
0.7982702255249023
0.3416147232055664
0.9000072479248047
0.2893104553222656
0.7463293075561523
0.32616710662841797
0.8046331405639648
0.2640094757080078
0.2791566848754883
0.4341096878051758
0.6353721618652344
0.6321926116943359
0.3842315673828125
0.6773500442504883
0.32562923431396484
0.7790346145629883
0.5978813171386719
0.9592361450195312
0.6407070159912109
0.6104755401611328
0.554718017578125
0.8135299682617188
0.47649192810058594
0.3606843948364258
0.4606666564941406
0.3371095657348633
0.35022544860839844
0.4142141342163086
0.6758708953857422
0.7526731491088867
0.7780561447143555
0.2914619445800781
0.054739952087402344
0.2667369842529297
0.3274564743041992
0.3610801696777344
0.48007965087890625
0.6939191818237305
0.11989307403564453
0.2946739196777344
0.9910259246826172
0.5831136703491211
0.6259727478027344
0.5915088653564453
0.6704940795898438
0.27346134185791016
0.2798013687133789
0.886906623840332
0.7153205871582031
0.4337425231933594
0.9429597854614258
0.21004867553710938
0.7043132781982422
0.1725940704345703
0.5660409927368164
0.3937549591064453
0.1563720703125
0.500645637512207
0.6671571731567383
0.5316238403320312
1.0303630828857422
0.6684446334838867
0.782130241394043
0.43696022033691406
0.7538394927978516
0.7453365325927734
0.6887483596801758
0.6812896728515625
0.1381235122680664
0.6339883804321289
0.2180919647216797
0.8220920562744141
0.19969749450683594
0.550379753112793
0.25531864166259766
0.5891351699829102
0.40798187255859375
0.7693367004394531
0.4508075714111328
0.47562217712402344
0.4380035400390625
0.6236305236816406
0.2554645538330078
0.2260446548461914
0.8779468536376953
0.1055593490600586
0.7675056457519531
0.8314943313598633
0.48597145080566406
0.5627737045288086
0.5881567001342773
0.5572452545166016
0.36254024505615234
0.4566364288330078
0.7447366714477539
0.17118072509765625
0.2901802062988281
0.2766389846801758
0.5371732711791992
0.4724693298339844
0.5737457275390625
0.39321422576904297
0.43607330322265625
0.4016094207763672
0.4805946350097656
0.14381885528564453
0.6970815658569336
0.6970071792602539
0.525421142578125
0.6236419677734375
0.7530603408813477
0.6273288726806641
0.2870330810546875
0.5388336181640625
0.3892984390258789
0.5836544036865234
0.5736522674560547
0.08336544036865234
1.084437370300293
0.5268020629882812
0.6130828857421875
0.4785451889038086
0.3648500442504883
0.6268596649169922
0.3365592956542969
0.38317108154296875
0.4214620590209961
0.4172801971435547
0.7084274291992188
0.16526126861572266
0.6611261367797852
0.25148773193359375
1.06103515625
0.4386405944824219
0.5775175094604492
0.2824563980102539
0.3501920700073242
0.1690387725830078
0.5303936004638672
0.21186447143554688
0.5027599334716797
0.6769466400146484
0.3846874237060547
0.49440765380859375
0.25318241119384766
0.9050846099853516
0.13338375091552734
0.7946434020996094
0.8586320877075195
0.41021728515625
0.32383060455322266
0.3492136001586914
0.7203044891357422
0.47325801849365234
0.6955795288085938
0.7718744277954102
0.1624126434326172
0.10592079162597656
0.24950122833251953
0.5643110275268555
0.7114124298095703
0.5466079711914062
0.20067310333251953
0.1971302032470703
0.25743865966796875
0.3603038787841797
0.32181453704833984
0.7242193222045898
0.45806407928466797
0.28647804260253906
0.8625850677490234
0.5141172409057617
0.6544666290283203
0.3725109100341797
0.6014366149902344
0.6282415390014648
0.8225975036621094
0.6007900238037109
0.15677356719970703
1.1115751266479492
0.5539398193359375
0.5859451293945312
0.3614530563354492
0.3710947036743164
0.8658027648925781
0.33423805236816406
0.3009185791015625
0.660405158996582
0.44441795349121094
0.23894309997558594
0.7720985412597656
0.37178516387939453
0.724797248840332
0.2794361114501953
0.5301113128662109
0.12385749816894531
0.7794313430786133
0.42771053314208984
0.8811159133911133
0.6999626159667969
1.0613174438476562
0.7427883148193359
0.7125568389892578
0.14602279663085938
0.9156112670898438
0.03651618957519531
0.4627656936645508
0.9687557220458984
0.3975400924682617
0.8583145141601562
0.9223031997680664
0.7779521942138672
0.8547544479370117
0.8801374435424805
0.6480541229248047
0.45334911346435547
0.3703117370605469
0.835545539855957
0.4631614685058594
0.5821609497070312
0.526616096496582
0.6279821395874023
0.21341514587402344
0.4829368591308594
0.6851949691772461
0.7280540466308594
0.6935901641845703
0.7725753784179688
0.23462772369384766
0.7878904342651367
0.988987922668457
0.8174018859863281
0.3316612243652344
1.0450410842895508
0.7181377410888672
0.19622421264648438
0.6296424865722656
0.09731769561767578
0.4211845397949219
0.6644611358642578
0.37415027618408203
1.175246238708496
0.6337051391601562
0.5222740173339844
0.7705259323120117
0.27404117584228516
0.5656700134277344
0.24575042724609375
0.6751518249511719
0.18065929412841797
0.5080890655517578
0.2919807434082031
0.5309238433837891
