dense 32 1 none 496 3
1.251276969909668
0.6787261962890625
0.5725507736206055
0.19433307647705078
1.2967147827148438
0.7959623336791992
0.7716550827026367
0.6223411560058594
0.17002582550048828
0.9659881591796875
0.5143213272094727
1.2972221374511719
0.7246713638305664
0.7086544036865234
0.6748809814453125
0.5279769897460938
0.7232999801635742
0.7610111236572266
0.5734148025512695
0.9310369491577148
0.6737031936645508
1.192117691040039
0.2185049057006836
0.6196556091308594
1.2375555038452148
0.7896814346313477
1.238062858581543
0.6641407012939453
0.8441143035888672
0.4071626663208008
0.5600242614746094
0.889552116394043
0.7300500869750977
0.8900594711303711
0.31613731384277344
0.3480033874511719
0.26449012756347656
0.9867868423461914
0.7364215850830078
0.30992794036865234
0.9064474105834961
0.649113655090332
0.2634868621826172
0.9276275634765625
0.5796241760253906
0.6829423904418945
0.5683345794677734
0.7002191543579102
0.7283802032470703
0.8702449798583984
0.7288875579833984
0.15496540069580078
0.5091753005981445
0.16117191314697266
0.41845226287841797
1.1335811614990234
0.12159442901611328
0.5227451324462891
1.1790189743041992
0.6927709579467773
1.1795263290405273
0.6056041717529297
0.09691047668457031
0.28946685791015625
0.8690910339355469
0.4506387710571289
0.39849281311035156
0.9369306564331055
0.3643798828125
0.5928258895874023
0.37316226959228516
0.3602914810180664
0.5578746795654297
0.8777713775634766
0.5297679901123047
0.5332851409912109
0.4970827102661133
0.8192348480224609
0.47220325469970703
1.0548954010009766
1.0738325119018555
0.27787017822265625
1.2438583374023438
0.9865245819091797
0.33159542083740234
0.9957361221313477
0.6477327346801758
0.33741092681884766
0.4865608215332031
0.937199592590332
0.8706960678100586
0.4224891662597656
0.8287878036499023
0.42253875732421875
0.4679269790649414
0.592564582824707
0.46843433380126953
0.3384723663330078
0.7696285247802734
0.42162513732910156
0.31388282775878906
0.2776803970336914
0.7110919952392578
0.21940231323242188
0.6512937545776367
0.5998334884643555
0.6514434814453125
0.38068103790283203
0.6452713012695312
0.5507068634033203
0.6457786560058594
0.38033008575439453
0.5922842025756836
0.24428081512451172
0.3557405471801758
0.3195381164550781
0.533747673034668
0.28548717498779297
0.6931514739990234
0.17734432220458984
0.13902664184570312
1.2905454635620117
0.7179946899414062
0.3333597183227539
0.6682043075561523
0.37529468536376953
0.5672454833984375
1.2313861846923828
0.8833827972412109
0.3037586212158203
0.7222108840942383
1.1728496551513672
0.35361480712890625
0.6112298965454102
0.4617576599121094
0.6391019821166992
0.16526031494140625
1.180375099182129
0.6078243255615234
0.35959339141845703
0.6063947677612305
0.3490610122680664
0.4570751190185547
1.1212158203125
0.7732124328613281
0.3000526428222656
0.6120405197143555
1.0626792907714844
0.24344444274902344
0.6374635696411133
0.35158729553222656
0.5289316177368164
0.11017036437988281
1.0692138671875
0.2505006790161133
0.6516513824462891
1.1146516799926758
0.8216772079467773
1.115159034729004
0.5412368774414062
0.12290382385253906
0.2250995635986328
0.8047237396240234
0.38627147674560547
0.12890625
0.7548675537109375
0.8728322982788086
0.6467247009277344
0.46938037872314453
1.1084823608398438
0.9983119964599609
0.7831707000732422
0.4681062698364258
0.10444450378417969
0.8449602127075195
0.1542348861694336
0.8291158676147461
0.8100090026855469
0.6686534881591797
0.6090221405029297
0.7854194641113281
0.7492170333862305
0.5717430114746094
0.4688243865966797
1.1228303909301758
0.47153663635253906
0.42967891693115234
0.8224391937255859
0.7122688293457031
0.7006492614746094
0.5637788772583008
0.6874980926513672
0.6650724411010742
0.6092166900634766
0.8350982666015625
0.6097240447998047
0.09593868255615234
0.6283388137817383
0.2803354263305664
0.2992887496948242
0.11916351318359375
0.5698022842407227
0.46193599700927734
0.40876007080078125
0.24253368377685547
0.2843914031982422
0.6030473709106445
0.4928770065307617
0.5054349899291992
0.7140703201293945
0.5877647399902344
0.788243293762207
1.1893939971923828
0.5148229598999023
1.359419822692871
1.102086067199707
0.42838287353515625
0.7227325439453125
0.6293697357177734
0.452972412109375
0.48917484283447266
0.6666488647460938
0.9862575531005859
0.27300357818603516
0.7668552398681641
0.8087129592895508
0.7267913818359375
0.7530250549316406
0.5998287200927734
1.2383918762207031
0.5243215560913086
0.49205684661865234
1.3174915313720703
0.7449407577514648
0.6863899230957031
0.6951503753662109
0.022264480590820312
0.6514387130737305
1.2583322525024414
0.9103288650512695
0.6268491744995117
0.7491569519042969
1.1997957229614258
0.38056087493896484
0.9642601013183594
0.48870372772216797
0.6660480499267578
0.3530302047729492
0.3267965316772461
1.1354284286499023
0.8493852615356445
0.6299934387207031
1.0798215866088867
0.2888908386230469
0.9623861312866211
0.5607204437255859
0.33432865142822266
0.7307462692260742
0.47341251373291016
0.23908615112304688
0.9032268524169922
0.5552234649658203
0.17570114135742188
0.39405155181884766
0.8446903228759766
0.35758399963378906
0.5131120681762695
0.1381816864013672
0.3109426498413086
0.3281593322753906
0.2179889678955078
0.7803230285644531
0.6097183227539062
0.2748880386352539
0.6286735534667969
0.45114803314208984
0.8937997817993164
0.6933212280273438
0.29217052459716797
1.0881328582763672
0.12214469909667969
0.6246910095214844
1.0531816482543945
0.9118261337280273
0.8521947860717773
1.0285921096801758
0.9923896789550781
0.814915657043457
0.49530696868896484
1.3660030364990234
0.7147092819213867
0.6728515625
0.7547731399536133
0.7285394668579102
0.943821907043457
0.24317264556884766
0.9572429656982422
1.4815645217895508
0.6449604034423828
0.8528909683227539
0.5506210327148438
1.3758363723754883
0.8032855987548828
0.7449541091918945
0.7534952163696289
0.0786142349243164
0.7100028991699219
1.3166770935058594
0.9686737060546875
0.6854133605957031
0.8075017929077148
1.2581405639648438
0.4389057159423828
1.0228242874145508
0.5470485687255859
0.7243928909301758
0.4115943908691406
0.3853607177734375
1.1937732696533203
0.9077301025390625
0.6883382797241211
1.1383857727050781
0.058564186096191406
0.5097122192382812
0.7033052444458008
0.5426406860351562
1.0592031478881836
0.4866523742675781
0.736973762512207
0.4368619918823242
0.23801898956298828
0.7020225524902344
1.0000438690185547
0.6520404815673828
0.6774330139160156
0.641230583190918
0.9415073394775391
0.1441478729248047
1.0148439407348633
0.36355018615722656
0.4077596664428711
0.4036140441894531
0.37738037109375
0.8771400451660156
0.5910968780517578
0.606083869934082
1.1304054260253906
0.2582883834838867
0.5017318725585938
0.3866720199584961
0.3166332244873047
0.09587287902832031
1.3471498489379883
0.7745990753173828
0.25547122955322266
0.7248086929321289
0.4531831741333008
0.6238498687744141
1.2879905700683594
0.9399871826171875
0.3603630065917969
0.7788152694702148
1.2294540405273438
0.4102191925048828
0.5333414077758789
0.5183620452880859
0.6957063674926758
0.07788848876953125
0.16677474975585938
1.1650867462158203
0.8790435791015625
0.6596517562866211
0.6489028930664062
0.43091869354248047
0.3847637176513672
0.8326616287231445
0.4894828796386719
0.4815025329589844
0.3102273941040039
0.9410495758056641
0.38027095794677734
0.4156913757324219
0.5502967834472656
0.3561725616455078
0.3807401657104492
0.8818902969360352
0.5338869094848633
0.35615062713623047
0.3727149963378906
0.8233537673950195
0.17713451385498047
0.6935615539550781
0.11226177215576172
0.28960609436035156
0.34949588775634766
0.23932552337646484
0.7589864730834961
0.4729433059692383
0.2848014831542969
0.8091230392456055
0.37644195556640625
0.1804494857788086
0.6724414825439453
0.4347867965698242
0.32128238677978516
0.4061002731323242
0.5070419311523438
0.9353799819946289
1.1086711883544922
0.36133480072021484
1.2786970138549805
1.0213632583618164
0.3476600646972656
0.876220703125
0.5486469268798828
0.3722496032714844
0.40845203399658203
0.8176841735839844
0.9055347442626953
0.11951541900634766
0.6861324310302734
0.7279901504516602
0.6460685729980469
0.67230224609375
0.7533168792724609
1.1576690673828125
0.44359874725341797
0.1534881591796875
0.9990987777709961
0.5479507446289062
1.4008417129516602
1.0576629638671875
1.0496826171875
0.5681800842285156
0.7284002304077148
0.34141063690185547
0.9098663330078125
0.8519487380981445
0.38684844970703125
1.0219745635986328
0.7646408081054688
0.18656635284423828
0.8507070541381836
0.5027036666870117
0.11552715301513672
0.34153175354003906
0.792170524597168
0.6488122940063477
0.22188377380371094
0.4294099807739258
0.4712677001953125
0.3893461227416992
0.41557979583740234
0.7278032302856445
0.9009466171264648
0.2223682403564453
0.3374452590942383
0.7423763275146484
0.2912282943725586
1.1441192626953125
0.8009405136108398
0.7929601669311523
0.4372835159301758
0.4716777801513672
0.25672245025634766
0.8631505966186523
1.0242443084716797
0.4516935348510742
1.0574836730957031
0.4019031524658203
0.3488292694091797
1.0225324630737305
0.9650850296020508
0.8215456008911133
0.9979429244995117
0.9617404937744141
0.9065485000610352
0.4646577835083008
1.3353538513183594
0.6840600967407227
0.6422023773193359
0.7241239547729492
0.6978902816772461
0.913172721862793
0.5561380386352539
0.9265937805175781
1.4509153366088867
0.37109375
0.8222417831420898
0.3517131805419922
0.3515920639038086
0.3205099105834961
0.8020124435424805
0.6417922973632812
1.370192527770996
1.1134700775146484
