dense 64 1 64.0 2016 2
1.0
4.0
3.0
9.0
8.0
5.0
16.0
15.0
12.0
7.0
25.0
24.0
21.0
16.0
9.0
36.0
35.0
32.0
27.0
20.0
11.0
49.0
48.0
45.0
40.0
33.0
24.0
13.0
64.0
63.0
60.0
55.0
48.0
39.0
28.0
15.0
81.0
80.0
77.0
72.0
65.0
56.0
45.0
32.0
17.0
100.0
99.0
96.0
91.0
84.0
75.0
64.0
51.0
36.0
19.0
121.0
120.0
117.0
112.0
105.0
96.0
85.0
72.0
57.0
40.0
21.0
144.0
143.0
140.0
135.0
128.0
119.0
108.0
95.0
80.0
63.0
44.0
23.0
169.0
168.0
165.0
160.0
153.0
144.0
133.0
120.0
105.0
88.0
69.0
48.0
25.0
196.0
195.0
192.0
187.0
180.0
171.0
160.0
147.0
132.0
115.0
96.0
75.0
52.0
27.0
225.0
224.0
221.0
216.0
209.0
200.0
189.0
176.0
161.0
144.0
125.0
104.0
81.0
56.0
29.0
256.0
255.0
252.0
247.0
240.0
231.0
220.0
207.0
192.0
175.0
156.0
135.0
112.0
87.0
60.0
31.0
289.0
288.0
285.0
280.0
273.0
264.0
253.0
240.0
225.0
208.0
189.0
168.0
145.0
120.0
93.0
64.0
33.0
324.0
323.0
320.0
315.0
308.0
299.0
288.0
275.0
260.0
243.0
224.0
203.0
180.0
155.0
128.0
99.0
68.0
35.0
361.0
360.0
357.0
352.0
345.0
336.0
325.0
312.0
297.0
280.0
261.0
240.0
217.0
192.0
165.0
136.0
105.0
72.0
37.0
400.0
399.0
396.0
391.0
384.0
375.0
364.0
351.0
336.0
319.0
300.0
279.0
256.0
231.0
204.0
175.0
144.0
111.0
76.0
39.0
441.0
440.0
437.0
432.0
425.0
416.0
405.0
392.0
377.0
360.0
341.0
320.0
297.0
272.0
245.0
216.0
185.0
152.0
117.0
80.0
41.0
484.0
483.0
480.0
475.0
468.0
459.0
448.0
435.0
420.0
403.0
384.0
363.0
340.0
315.0
288.0
259.0
228.0
195.0
160.0
123.0
84.0
43.0
529.0
528.0
525.0
520.0
513.0
504.0
493.0
480.0
465.0
448.0
429.0
408.0
385.0
360.0
333.0
304.0
273.0
240.0
205.0
168.0
129.0
88.0
45.0
576.0
575.0
572.0
567.0
560.0
551.0
540.0
527.0
512.0
495.0
476.0
455.0
432.0
407.0
380.0
351.0
320.0
287.0
252.0
215.0
176.0
135.0
92.0
47.0
625.0
624.0
621.0
616.0
609.0
600.0
589.0
576.0
561.0
544.0
525.0
504.0
481.0
456.0
429.0
400.0
369.0
336.0
301.0
264.0
225.0
184.0
141.0
96.0
49.0
676.0
675.0
672.0
667.0
660.0
651.0
640.0
627.0
612.0
595.0
576.0
555.0
532.0
507.0
480.0
451.0
420.0
387.0
352.0
315.0
276.0
235.0
192.0
147.0
100.0
51.0
729.0
728.0
725.0
720.0
713.0
704.0
693.0
680.0
665.0
648.0
629.0
608.0
585.0
560.0
533.0
504.0
473.0
440.0
405.0
368.0
329.0
288.0
245.0
200.0
153.0
104.0
53.0
784.0
783.0
780.0
775.0
768.0
759.0
748.0
735.0
720.0
703.0
684.0
663.0
640.0
615.0
588.0
559.0
528.0
495.0
460.0
423.0
384.0
343.0
300.0
255.0
208.0
159.0
108.0
55.0
841.0
840.0
837.0
832.0
825.0
816.0
805.0
792.0
777.0
760.0
741.0
720.0
697.0
672.0
645.0
616.0
585.0
552.0
517.0
480.0
441.0
400.0
357.0
312.0
265.0
216.0
165.0
112.0
57.0
900.0
899.0
896.0
891.0
884.0
875.0
864.0
851.0
836.0
819.0
800.0
779.0
756.0
731.0
704.0
675.0
644.0
611.0
576.0
539.0
500.0
459.0
416.0
371.0
324.0
275.0
224.0
171.0
116.0
59.0
961.0
960.0
957.0
952.0
945.0
936.0
925.0
912.0
897.0
880.0
861.0
840.0
817.0
792.0
765.0
736.0
705.0
672.0
637.0
600.0
561.0
520.0
477.0
432.0
385.0
336.0
285.0
232.0
177.0
120.0
61.0
1024.0
1023.0
1020.0
1015.0
1008.0
999.0
988.0
975.0
960.0
943.0
924.0
903.0
880.0
855.0
828.0
799.0
768.0
735.0
700.0
663.0
624.0
583.0
540.0
495.0
448.0
399.0
348.0
295.0
240.0
183.0
124.0
63.0
1089.0
1088.0
1085.0
1080.0
1073.0
1064.0
1053.0
1040.0
1025.0
1008.0
989.0
968.0
945.0
920.0
893.0
864.0
833.0
800.0
765.0
728.0
689.0
648.0
605.0
560.0
513.0
464.0
413.0
360.0
305.0
248.0
189.0
128.0
65.0
1156.0
1155.0
1152.0
1147.0
1140.0
1131.0
1120.0
1107.0
1092.0
1075.0
1056.0
1035.0
1012.0
987.0
960.0
931.0
900.0
867.0
832.0
795.0
756.0
715.0
672.0
627.0
580.0
531.0
480.0
427.0
372.0
315.0
256.0
195.0
132.0
67.0
1225.0
1224.0
1221.0
1216.0
1209.0
1200.0
1189.0
1176.0
1161.0
1144.0
1125.0
1104.0
1081.0
1056.0
1029.0
1000.0
969.0
936.0
901.0
864.0
825.0
784.0
741.0
696.0
649.0
600.0
549.0
496.0
441.0
384.0
325.0
264.0
201.0
136.0
69.0
1296.0
1295.0
1292.0
1287.0
1280.0
1271.0
1260.0
1247.0
1232.0
1215.0
1196.0
1175.0
1152.0
1127.0
1100.0
1071.0
1040.0
1007.0
972.0
935.0
896.0
855.0
812.0
767.0
720.0
671.0
620.0
567.0
512.0
455.0
396.0
335.0
272.0
207.0
140.0
71.0
1369.0
1368.0
1365.0
1360.0
1353.0
1344.0
1333.0
1320.0
1305.0
1288.0
1269.0
1248.0
1225.0
1200.0
1173.0
1144.0
1113.0
1080.0
1045.0
1008.0
969.0
928.0
885.0
840.0
793.0
744.0
693.0
640.0
585.0
528.0
469.0
408.0
345.0
280.0
213.0
144.0
73.0
1444.0
1443.0
1440.0
1435.0
1428.0
1419.0
1408.0
1395.0
1380.0
1363.0
1344.0
1323.0
1300.0
1275.0
1248.0
1219.0
1188.0
1155.0
1120.0
1083.0
1044.0
1003.0
960.0
915.0
868.0
819.0
768.0
715.0
660.0
603.0
544.0
483.0
420.0
355.0
288.0
219.0
148.0
75.0
1521.0
1520.0
1517.0
1512.0
1505.0
1496.0
1485.0
1472.0
1457.0
1440.0
1421.0
1400.0
1377.0
1352.0
1325.0
1296.0
1265.0
1232.0
1197.0
1160.0
1121.0
1080.0
1037.0
992.0
945.0
896.0
845.0
792.0
737.0
680.0
621.0
560.0
497.0
432.0
365.0
296.0
225.0
152.0
77.0
1600.0
1599.0
1596.0
1591.0
1584.0
1575.0
1564.0
1551.0
1536.0
1519.0
1500.0
1479.0
1456.0
1431.0
1404.0
1375.0
1344.0
1311.0
1276.0
1239.0
1200.0
1159.0
1116.0
1071.0
1024.0
975.0
924.0
871.0
816.0
759.0
700.0
639.0
576.0
511.0
444.0
375.0
304.0
231.0
156.0
79.0
1681.0
1680.0
1677.0
1672.0
1665.0
1656.0
1645.0
1632.0
1617.0
1600.0
1581.0
1560.0
1537.0
1512.0
1485.0
1456.0
1425.0
1392.0
1357.0
1320.0
1281.0
1240.0
1197.0
1152.0
1105.0
1056.0
1005.0
952.0
897.0
840.0
781.0
720.0
657.0
592.0
525.0
456.0
385.0
312.0
237.0
160.0
81.0
1764.0
1763.0
1760.0
1755.0
1748.0
1739.0
1728.0
1715.0
1700.0
1683.0
1664.0
1643.0
1620.0
1595.0
1568.0
1539.0
1508.0
1475.0
1440.0
1403.0
1364.0
1323.0
1280.0
1235.0
1188.0
1139.0
1088.0
1035.0
980.0
923.0
864.0
803.0
740.0
675.0
608.0
539.0
468.0
395.0
320.0
243.0
164.0
83.0
1849.0
1848.0
1845.0
1840.0
1833.0
1824.0
1813.0
1800.0
1785.0
1768.0
1749.0
1728.0
1705.0
1680.0
1653.0
1624.0
1593.0
1560.0
1525.0
1488.0
1449.0
1408.0
1365.0
1320.0
1273.0
1224.0
1173.0
1120.0
1065.0
1008.0
949.0
888.0
825.0
760.0
693.0
624.0
553.0
480.0
405.0
328.0
249.0
168.0
85.0
1936.0
1935.0
1932.0
1927.0
1920.0
1911.0
1900.0
1887.0
1872.0
1855.0
1836.0
1815.0
1792.0
1767.0
1740.0
1711.0
1680.0
1647.0
1612.0
1575.0
1536.0
1495.0
1452.0
1407.0
1360.0
1311.0
1260.0
1207.0
1152.0
1095.0
1036.0
975.0
912.0
847.0
780.0
711.0
640.0
567.0
492.0
415.0
336.0
255.0
172.0
87.0
2025.0
2024.0
2021.0
2016.0
2009.0
2000.0
1989.0
1976.0
1961.0
1944.0
1925.0
1904.0
1881.0
1856.0
1829.0
1800.0
1769.0
1736.0
1701.0
1664.0
1625.0
1584.0
1541.0
1496.0
1449.0
1400.0
1349.0
1296.0
1241.0
1184.0
1125.0
1064.0
1001.0
936.0
869.0
800.0
729.0
656.0
581.0
504.0
425.0
344.0
261.0
176.0
89.0
2116.0
2115.0
2112.0
2107.0
2100.0
2091.0
2080.0
2067.0
2052.0
2035.0
2016.0
1995.0
1972.0
1947.0
1920.0
1891.0
1860.0
1827.0
1792.0
1755.0
1716.0
1675.0
1632.0
1587.0
1540.0
1491.0
1440.0
1387.0
1332.0
1275.0
1216.0
1155.0
1092.0
1027.0
960.0
891.0
820.0
747.0
672.0
595.0
516.0
435.0
352.0
267.0
180.0
91.0
2209.0
2208.0
2205.0
2200.0
2193.0
2184.0
2173.0
2160.0
2145.0
2128.0
2109.0
2088.0
2065.0
2040.0
2013.0
1984.0
1953.0
1920.0
1885.0
1848.0
1809.0
1768.0
1725.0
1680.0
1633.0
1584.0
1533.0
1480.0
1425.0
1368.0
1309.0
1248.0
1185.0
1120.0
1053.0
984.0
913.0
840.0
765.0
688.0
609.0
528.0
445.0
360.0
273.0
184.0
93.0
2304.0
2303.0
2300.0
2295.0
2288.0
2279.0
2268.0
2255.0
2240.0
2223.0
2204.0
2183.0
2160.0
2135.0
2108.0
2079.0
2048.0
2015.0
1980.0
1943.0
1904.0
1863.0
1820.0
1775.0
1728.0
1679.0
1628.0
1575.0
1520.0
1463.0
1404.0
1343.0
1280.0
1215.0
1148.0
1079.0
1008.0
935.0
860.0
783.0
704.0
623.0
540.0
455.0
368.0
279.0
188.0
95.0
2401.0
2400.0
2397.0
2392.0
2385.0
2376.0
2365.0
2352.0
2337.0
2320.0
2301.0
2280.0
2257.0
2232.0
2205.0
2176.0
2145.0
2112.0
2077.0
2040.0
2001.0
1960.0
1917.0
1872.0
1825.0
1776.0
1725.0
1672.0
1617.0
1560.0
1501.0
1440.0
1377.0
1312.0
1245.0
1176.0
1105.0
1032.0
957.0
880.0
801.0
720.0
637.0
552.0
465.0
376.0
285.0
192.0
97.0
2500.0
2499.0
2496.0
2491.0
2484.0
2475.0
2464.0
2451.0
2436.0
2419.0
2400.0
2379.0
2356.0
2331.0
2304.0
2275.0
2244.0
2211.0
2176.0
2139.0
2100.0
2059.0
2016.0
1971.0
1924.0
1875.0
1824.0
1771.0
1716.0
1659.0
1600.0
1539.0
1476.0
1411.0
1344.0
1275.0
1204.0
1131.0
1056.0
979.0
900.0
819.0
736.0
651.0
564.0
475.0
384.0
291.0
196.0
99.0
2601.0
2600.0
2597.0
2592.0
2585.0
2576.0
2565.0
2552.0
2537.0
2520.0
2501.0
2480.0
2457.0
2432.0
2405.0
2376.0
2345.0
2312.0
2277.0
2240.0
2201.0
2160.0
2117.0
2072.0
2025.0
1976.0
1925.0
1872.0
1817.0
1760.0
1701.0
1640.0
1577.0
1512.0
1445.0
1376.0
1305.0
1232.0
1157.0
1080.0
1001.0
920.0
837.0
752.0
665.0
576.0
485.0
392.0
297.0
200.0
101.0
2704.0
2703.0
2700.0
2695.0
2688.0
2679.0
2668.0
2655.0
2640.0
2623.0
2604.0
2583.0
2560.0
2535.0
2508.0
2479.0
2448.0
2415.0
2380.0
2343.0
2304.0
2263.0
2220.0
2175.0
2128.0
2079.0
2028.0
1975.0
1920.0
1863.0
1804.0
1743.0
1680.0
1615.0
1548.0
1479.0
1408.0
1335.0
1260.0
1183.0
1104.0
1023.0
940.0
855.0
768.0
679.0
588.0
495.0
400.0
303.0
204.0
103.0
2809.0
2808.0
2805.0
2800.0
2793.0
2784.0
2773.0
2760.0
2745.0
2728.0
2709.0
2688.0
2665.0
2640.0
2613.0
2584.0
2553.0
2520.0
2485.0
2448.0
2409.0
2368.0
2325.0
2280.0
2233.0
2184.0
2133.0
2080.0
2025.0
1968.0
1909.0
1848.0
1785.0
1720.0
1653.0
1584.0
1513.0
1440.0
1365.0
1288.0
1209.0
1128.0
1045.0
960.0
873.0
784.0
693.0
600.0
505.0
408.0
309.0
208.0
105.0
2916.0
2915.0
2912.0
2907.0
2900.0
2891.0
2880.0
2867.0
2852.0
2835.0
2816.0
2795.0
2772.0
2747.0
2720.0
2691.0
2660.0
2627.0
2592.0
2555.0
2516.0
2475.0
2432.0
2387.0
2340.0
2291.0
2240.0
2187.0
2132.0
2075.0
2016.0
1955.0
1892.0
1827.0
1760.0
1691.0
1620.0
1547.0
1472.0
1395.0
1316.0
1235.0
1152.0
1067.0
980.0
891.0
800.0
707.0
612.0
515.0
416.0
315.0
212.0
107.0
3025.0
3024.0
3021.0
3016.0
3009.0
3000.0
2989.0
2976.0
2961.0
2944.0
2925.0
2904.0
2881.0
2856.0
2829.0
2800.0
2769.0
2736.0
2701.0
2664.0
2625.0
2584.0
2541.0
2496.0
2449.0
2400.0
2349.0
2296.0
2241.0
2184.0
2125.0
2064.0
2001.0
1936.0
1869.0
1800.0
1729.0
1656.0
1581.0
1504.0
1425.0
1344.0
1261.0
1176.0
1089.0
1000.0
909.0
816.0
721.0
624.0
525.0
424.0
321.0
216.0
109.0
3136.0
3135.0
3132.0
3127.0
3120.0
3111.0
3100.0
3087.0
3072.0
3055.0
3036.0
3015.0
2992.0
2967.0
2940.0
2911.0
2880.0
2847.0
2812.0
2775.0
2736.0
2695.0
2652.0
2607.0
2560.0
2511.0
2460.0
2407.0
2352.0
2295.0
2236.0
2175.0
2112.0
2047.0
1980.0
1911.0
1840.0
1767.0
1692.0
1615.0
1536.0
1455.0
1372.0
1287.0
1200.0
1111.0
1020.0
927.0
832.0
735.0
636.0
535.0
432.0
327.0
220.0
111.0
3249.0
3248.0
3245.0
3240.0
3233.0
3224.0
3213.0
3200.0
3185.0
3168.0
3149.0
3128.0
3105.0
3080.0
3053.0
3024.0
2993.0
2960.0
2925.0
2888.0
2849.0
2808.0
2765.0
2720.0
2673.0
2624.0
2573.0
2520.0
2465.0
2408.0
2349.0
2288.0
2225.0
2160.0
2093.0
2024.0
1953.0
1880.0
1805.0
1728.0
1649.0
1568.0
1485.0
1400.0
1313.0
1224.0
1133.0
1040.0
945.0
848.0
749.0
648.0
545.0
440.0
333.0
224.0
113.0
3364.0
3363.0
3360.0
3355.0
3348.0
3339.0
3328.0
3315.0
3300.0
3283.0
3264.0
3243.0
3220.0
3195.0
3168.0
3139.0
3108.0
3075.0
3040.0
3003.0
2964.0
2923.0
2880.0
2835.0
2788.0
2739.0
2688.0
2635.0
2580.0
2523.0
2464.0
2403.0
2340.0
2275.0
2208.0
2139.0
2068.0
1995.0
1920.0
1843.0
1764.0
1683.0
1600.0
1515.0
1428.0
1339.0
1248.0
1155.0
1060.0
963.0
864.0
763.0
660.0
555.0
448.0
339.0
228.0
115.0
3481.0
3480.0
3477.0
3472.0
3465.0
3456.0
3445.0
3432.0
3417.0
3400.0
3381.0
3360.0
3337.0
3312.0
3285.0
3256.0
3225.0
3192.0
3157.0
3120.0
3081.0
3040.0
2997.0
2952.0
2905.0
2856.0
2805.0
2752.0
2697.0
2640.0
2581.0
2520.0
2457.0
2392.0
2325.0
2256.0
2185.0
2112.0
2037.0
1960.0
1881.0
1800.0
1717.0
1632.0
1545.0
1456.0
1365.0
1272.0
1177.0
1080.0
981.0
880.0
777.0
672.0
565.0
456.0
345.0
232.0
117.0
3600.0
3599.0
3596.0
3591.0
3584.0
3575.0
3564.0
3551.0
3536.0
3519.0
3500.0
3479.0
3456.0
3431.0
3404.0
3375.0
3344.0
3311.0
3276.0
3239.0
3200.0
3159.0
3116.0
3071.0
3024.0
2975.0
2924.0
2871.0
2816.0
2759.0
2700.0
2639.0
2576.0
2511.0
2444.0
2375.0
2304.0
2231.0
2156.0
2079.0
2000.0
1919.0
1836.0
1751.0
1664.0
1575.0
1484.0
1391.0
1296.0
1199.0
1100.0
999.0
896.0
791.0
684.0
575.0
464.0
351.0
236.0
119.0
3721.0
3720.0
3717.0
3712.0
3705.0
3696.0
3685.0
3672.0
3657.0
3640.0
3621.0
3600.0
3577.0
3552.0
3525.0
3496.0
3465.0
3432.0
3397.0
3360.0
3321.0
3280.0
3237.0
3192.0
3145.0
3096.0
3045.0
2992.0
2937.0
2880.0
2821.0
2760.0
2697.0
2632.0
2565.0
2496.0
2425.0
2352.0
2277.0
2200.0
2121.0
2040.0
1957.0
1872.0
1785.0
1696.0
1605.0
1512.0
1417.0
1320.0
1221.0
1120.0
1017.0
912.0
805.0
696.0
585.0
472.0
357.0
240.0
121.0
3844.0
3843.0
3840.0
3835.0
3828.0
3819.0
3808.0
3795.0
3780.0
3763.0
3744.0
3723.0
3700.0
3675.0
3648.0
3619.0
3588.0
3555.0
3520.0
3483.0
3444.0
3403.0
3360.0
3315.0
3268.0
3219.0
3168.0
3115.0
3060.0
3003.0
2944.0
2883.0
2820.0
2755.0
2688.0
2619.0
2548.0
2475.0
2400.0
2323.0
2244.0
2163.0
2080.0
1995.0
1908.0
1819.0
1728.0
1635.0
1540.0
1443.0
1344.0
1243.0
1140.0
1035.0
928.0
819.0
708.0
595.0
480.0
363.0
244.0
123.0
3969.0
3968.0
3965.0
3960.0
3953.0
3944.0
3933.0
3920.0
3905.0
3888.0
3869.0
3848.0
3825.0
3800.0
3773.0
3744.0
3713.0
3680.0
3645.0
3608.0
3569.0
3528.0
3485.0
3440.0
3393.0
3344.0
3293.0
3240.0
3185.0
3128.0
3069.0
3008.0
2945.0
2880.0
2813.0
2744.0
2673.0
2600.0
2525.0
2448.0
2369.0
2288.0
2205.0
2120.0
2033.0
1944.0
1853.0
1760.0
1665.0
1568.0
1469.0
1368.0
1265.0
1160.0
1053.0
944.0
833.0
720.0
605.0
488.0
369.0
248.0
125.0
