dense 64 0 none 2016 2
0.4026581048965454
0.6528022885322571
1.0212846994400024
0.40742480754852295
0.17259113490581512
0.9483886361122131
0.37118321657180786
0.6441483497619629
0.42211663722991943
0.5416701436042786
0.40110111236572266
0.8023589253425598
0.41007569432258606
0.798760712146759
0.4661129415035248
0.13604553043842316
0.5339515805244446
0.520861029624939
0.5164346098899841
0.30187657475471497
0.2827232778072357
0.604249894618988
0.7120567560195923
0.6512405872344971
0.5547657012939453
0.310463547706604
0.776569664478302
0.5836262106895447
0.34180948138237
0.3663574457168579
0.745323121547699
0.22595909237861633
0.3267081677913666
0.6696088314056396
0.39764878153800964
0.34910473227500916
0.08751111477613449
0.3432992398738861
0.7385087609291077
0.3820050358772278
0.4520930349826813
0.46295449137687683
0.2185182273387909
0.664047122001648
0.3683775067329407
0.6748497486114502
0.9711390733718872
0.26649126410484314
0.858889639377594
0.32780900597572327
0.587648332118988
0.5698488354682922
0.43402373790740967
0.6351168155670166
0.7610194683074951
0.48720043897628784
0.8333871364593506
0.1984126716852188
0.7522587180137634
0.22456564009189606
0.3697929382324219
0.3667188286781311
0.48280298709869385
0.5469502210617065
0.5746928453445435
0.2224595993757248
0.7661524415016174
0.90027916431427
0.6539309620857239
0.7422430515289307
0.4249970614910126
0.8713192939758301
0.7233188152313232
0.18822930753231049
0.5365993976593018
0.8334664702415466
0.39608946442604065
0.5280462503433228
0.546272873878479
0.8441859483718872
0.27882081270217896
0.7379273176193237
0.20004230737686157
0.5022177696228027
0.4460780620574951
0.37243327498435974
0.5171781778335571
0.6319906711578369
0.1300417184829712
0.1372913122177124
0.3938378095626831
0.4445265233516693
0.5357685685157776
0.663728654384613
0.3861502707004547
0.25082623958587646
0.6866751313209534
0.45146968960762024
0.180619016289711
0.1699889451265335
0.495088130235672
0.5055652260780334
0.4706639051437378
0.3670158088207245
0.4035005271434784
0.07750937342643738
0.3391828238964081
0.7302846312522888
0.370096355676651
0.436509907245636
0.46428602933883667
0.2120465636253357
0.6457698941230774
0.3504786193370819
0.01845601573586464
0.7475147247314453
0.5637882351875305
0.815586268901825
0.6182137727737427
0.4766385853290558
0.25464293360710144
0.15037274360656738
0.8896021842956543
0.22351671755313873
0.5380963087081909
0.6526029109954834
0.3884790241718292
0.6653264760971069
0.32047516107559204
0.193068265914917
0.8649954795837402
0.708297848701477
0.8500868678092957
0.7355335354804993
0.48474839329719543
0.1888650506734848
0.2434559464454651
0.4394725263118744
0.6059994101524353
0.34286820888519287
0.20493534207344055
0.520463228225708
0.25908327102661133
0.36295297741889954
0.15298065543174744
0.30149900913238525
0.5317057967185974
0.4094047248363495
0.5331899523735046
0.40491995215415955
0.2020299732685089
0.28334546089172363
0.34125080704689026
0.4673212170600891
0.7628785371780396
0.7877912521362305
0.8388074636459351
0.7451029419898987
0.377736896276474
0.45207923650741577
1.0357052087783813
0.809118390083313
0.4600200355052948
0.947704017162323
0.7252534031867981
1.1700778007507324
0.8447456359863281
0.897091805934906
0.47456681728363037
0.6273461580276489
0.6967138051986694
0.5104180574417114
0.8370265364646912
0.7370458841323853
0.899873673915863
0.7465758323669434
0.3330511450767517
0.4694015085697174
1.0473886728286743
0.8485788106918335
0.5178986191749573
0.9183037281036377
0.6975141167640686
1.16971755027771
0.8243339657783508
0.9207524657249451
0.5304712057113647
0.6962016224861145
0.7247130870819092
0.09680618345737457
0.3541596531867981
0.7122736573219299
0.3090301752090454
0.6458118557929993
0.17487230896949768
0.3004092276096344
0.23371361196041107
0.4813476800918579
0.4572865068912506
0.44157901406288147
0.3409566581249237
0.13357262313365936
0.5715295672416687
0.22554853558540344
0.4192754626274109
0.43106862902641296
0.5816302299499512
0.30837634205818176
0.6208715438842773
0.6060835123062134
0.23853501677513123
0.4877357482910156
0.7823854088783264
0.5663413405418396
0.5921542048454285
0.42035508155822754
0.29800307750701904
0.8425098061561584
0.5658441781997681
0.19873104989528656
0.8659916520118713
0.6554276347160339
1.001128911972046
0.743772566318512
0.6821869015693665
0.21597810089588165
0.3515949249267578
0.4818613827228546
0.2759941518306732
0.3503393232822418
0.5260413885116577
0.6958937644958496
1.052769422531128
0.06706426292657852
0.9703745245933533
0.4338279962539673
0.4748203158378601
0.5671392679214478
0.6343675255775452
0.760382354259491
0.7826406955718994
0.223802849650383
0.21966928243637085
0.6189011335372925
0.2660083472728729
0.6651319265365601
0.7733217477798462
0.9256556034088135
0.6276565790176392
0.8524919152259827
0.8032337427139282
0.34458696842193604
0.8374863862991333
0.7046124935150146
0.7326972484588623
0.801581084728241
0.5630791187286377
0.45374512672424316
0.9180670976638794
0.7055229544639587
0.15176723897457123
0.39848676323890686
0.7523621320724487
0.5747968554496765
0.634499728679657
0.23920617997646332
0.522857129573822
0.2601698040962219
0.7339193820953369
0.7166491746902466
0.4621083438396454
1.154909610748291
1.1742863655090332
0.6274871826171875
0.9419081211090088
0.7822151184082031
0.22641080617904663
0.21056318283081055
0.811747670173645
0.18153628706932068
0.43691349029541016
0.6224068999290466
0.34245556592941284
0.5508496165275574
0.20812903344631195
0.20463348925113678
0.7646970152854919
0.62287437915802
0.7354918718338013
0.6365372538566589
0.37032753229141235
0.1910480558872223
0.11459745466709137
0.2343786507844925
0.6645551919937134
0.7214431762695312
0.5029744505882263
0.39781051874160767
0.8423319458961487
0.606242835521698
0.4050668776035309
0.36486777663230896
0.8044328689575195
0.20422618091106415
0.38292303681373596
0.7394677996635437
0.4669136106967926
0.3506215512752533
0.06986107677221298
0.4235980212688446
0.6786066293716431
0.6061462759971619
0.5383512377738953
0.5659379959106445
0.18488729000091553
0.4063005745410919
0.3478424847126007
0.22183024883270264
0.871878445148468
0.9141392707824707
0.5224695205688477
0.6222614645957947
0.8161526322364807
0.3723944425582886
0.2435150295495987
0.6953396797180176
0.8723717331886292
0.5495955944061279
0.7245154976844788
0.3378075957298279
0.7710533738136292
0.6395434737205505
0.18505330383777618
0.5061681270599365
0.7682013511657715
0.29616159200668335
0.4228699207305908
0.10589566826820374
0.2880629897117615
0.33859750628471375
0.7509036064147949
0.8060697913169861
0.4743296504020691
1.0804353952407837
1.075554609298706
0.47279223799705505
0.925593912601471
0.5168792009353638
0.2946067750453949
0.6924726963043213
0.5215368866920471
0.4864914119243622
0.4528936445713043
0.8108116984367371
0.2846987247467041
0.3916555941104889
0.7931709289550781
0.5318769216537476
0.2812581956386566
0.1454487293958664
0.5131620168685913
0.6553953289985657
0.6153458952903748
0.46429193019866943
0.5541231036186218
0.1507682055234909
0.49540975689888
0.4441474378108978
0.27442190051078796
0.9535410404205322
0.990585446357727
0.5499697923660278
0.7110570073127747
0.81462162733078
0.27995193004608154
0.3394513428211212
0.09639240801334381
0.46221575140953064
0.5493025779724121
0.5913876891136169
0.7350171804428101
0.42749324440956116
0.3410927355289459
0.7909877896308899
0.5598881244659424
0.13757872581481934
0.24296629428863525
0.5948910713195801
0.5460608005523682
0.5495936870574951
0.3180493712425232
0.46228256821632385
0.10842761397361755
0.5764609575271606
0.563042938709259
0.3087841868400574
1.0049841403961182
1.0291799306869507
0.5147020220756531
0.7856396436691284
0.7282482981681824
0.1577766388654709
0.4510877728462219
0.2265360951423645
0.32194259762763977
0.14625126123428345
0.351087361574173
0.7519593834877014
0.35360825061798096
0.7283754348754883
0.35861608386039734
0.10811063647270203
0.2181539237499237
0.6689674854278564
0.5805307030677795
0.42601680755615234
0.49529337882995605
0.27348533272743225
0.7639276385307312
0.4008730947971344
0.5844555497169495
0.4231582581996918
0.6055055856704712
0.4285672903060913
0.45365315675735474
0.42434823513031006
0.1925632655620575
0.4322201907634735
0.4129525423049927
0.8114249110221863
0.558868944644928
0.6500387787818909
0.664345383644104
0.6973947286605835
0.6872289180755615
0.2469790130853653
0.4609220623970032
0.8146781325340271
0.548452615737915
0.6095519661903381
0.4573211073875427
0.3212142586708069
0.8504327535629272
0.5625537633895874
0.1943446695804596
0.8908873796463013
0.6830034255981445
1.0129345655441284
0.7671590447425842
0.6862219572067261
0.21250130236148834
0.32971835136413574
0.4880233705043793
0.30220723152160645
0.3810603618621826
0.5522759556770325
0.03782292827963829
0.868815004825592
0.9449422359466553
0.3853840231895447
0.6162421107292175
0.9401639699935913
0.70701664686203
0.7878707647323608
0.4661710262298584
0.8535154461860657
0.9235841631889343
0.8056448101997375
0.7555546164512634
0.5437319278717041
1.0035512447357178
0.830184817314148
0.24944496154785156
0.577046811580658
0.9115608930587769
0.5482988357543945
0.6728056073188782
0.15228243172168732
0.5413795113563538
0.4192388355731964
0.8931944370269775
0.89752197265625
0.6114345192909241
1.2818125486373901
1.2892602682113647
0.7033196687698364
1.0918736457824707
0.7711813449859619
0.19449472427368164
0.7845959067344666
0.5600742101669312
0.2561757266521454
0.4710773229598999
0.33527353405952454
0.8954854607582092
1.0993677377700806
0.5079414248466492
0.6066094636917114
0.653648316860199
0.4529440402984619
0.2628256678581238
0.7197878956794739
0.5019877552986145
0.10751423239707947
0.24210037291049957
0.5629454851150513
0.4704549014568329
0.468222051858902
0.29450032114982605
0.381965696811676
0.07311501353979111
0.5445467829704285
0.5578588247299194
0.26455157995224
0.9521141052246094
0.9706330895423889
0.4374276101589203
0.7464054822921753
0.647731602191925
0.20365369319915771
0.4434202015399933
0.24911686778068542
0.27292612195014954
0.1934807151556015
0.08151483535766602
0.6145247220993042
0.7521826028823853
0.3489099442958832
0.5798150300979614
0.6472735404968262
0.706607460975647
0.48518094420433044
0.33255535364151
0.7934492826461792
0.577398419380188
0.08023349940776825
0.29215744137763977
0.6314496397972107
0.5037534236907959
0.5279611349105835
0.25886401534080505
0.4297753870487213
0.13636554777622223
0.6129991412162781
0.612452507019043
0.33650192618370056
1.0271086692810059
1.0461584329605103
0.5073869824409485
0.8179062604904175
0.6951345205307007
0.12813985347747803
0.4991612434387207
0.2826952040195465
0.2652825713157654
0.2054552584886551
0.05931800976395607
0.687587320804596
0.8224354982376099
0.28559911251068115
0.07555148750543594
0.0860823392868042
0.42096829414367676
0.691991925239563
0.4576852023601532
0.4484293758869171
0.39066576957702637
0.17454318702220917
0.6901513934135437
0.4212063252925873
0.0785861685872078
0.7399948835372925
0.5410621762275696
0.8505244851112366
0.6135647892951965
0.5302931070327759
0.08775566518306732
0.2710748016834259
0.3295019268989563
0.39178237318992615
0.44386932253837585
0.4077557623386383
0.15246331691741943
0.7403873205184937
0.7902690768241882
0.2778165340423584
0.48158180713653564
0.7775611877441406
0.5665890574455261
0.6345478892326355
0.3637499511241913
0.16267313063144684
0.9394746422767639
0.5940131545066833
0.6657629013061523
0.48466411232948303
0.08391819149255753
1.1048781871795654
0.22070488333702087
0.7241495251655579
0.8830134272575378
0.6169647574424744
0.7741333842277527
0.4347482919692993
0.42164188623428345
1.050227165222168
0.9163234233856201
0.9620285034179688
0.9241245985031128
0.601738691329956
0.41887542605400085
0.23050585389137268
0.5192170143127441
0.8247168064117432
0.9027855396270752
0.7959045767784119
0.5524464845657349
1.135830283164978
0.7821912169456482
0.2935152053833008
0.4236947000026703
0.9400937557220459
0.5051179528236389
0.6481600999832153
0.8347797393798828
0.5228886008262634
0.9754239320755005
0.6707120537757874
0.7056713700294495
0.4981883466243744
0.2655365765094757
0.6560440063476562
0.5343658328056335
0.6728401780128479
0.45539891719818115
0.16195060312747955
0.18330897390842438
0.7549701929092407
0.5782529711723328
0.3128681480884552
0.6607630848884583
0.4391562044620514
0.8798545598983765
0.5528659224510193
0.6327815651893616
0.317271888256073
0.5056905150413513
0.44239065051078796
0.2937069833278656
0.29245731234550476
0.32792627811431885
0.2606419026851654
0.593899667263031
0.8833663463592529
0.491944819688797
0.6467797756195068
0.7881286144256592
0.7146832346916199
0.7410138845443726
0.18097589910030365
0.2969498038291931
0.9970856308937073
0.6798127889633179
0.7553603649139404
0.23653975129127502
0.7343646287918091
0.09193981438875198
0.3538321554660797
0.7388117909431458
0.3966369032859802
0.4605449438095093
0.4553786814212799
0.2180408090353012
0.6770867705345154
0.3837471902370453
0.015748340636491776
0.7667770385742188
0.5777297616004944
0.845449686050415
0.6381157040596008
0.5090339779853821
0.03329187631607056
0.2040305882692337
0.3142698109149933
0.4446321725845337
0.5032473802566528
0.4443395435810089
0.1830434948205948
0.7839782238006592
0.7667239904403687
0.2199341207742691
0.4392443895339966
0.7790705561637878
0.5286283493041992
0.6093520522117615
0.42182105779647827
0.179242804646492
0.9249246120452881
0.5764936208724976
0.6453976631164551
0.06714104115962982
0.4311900734901428
0.303252637386322
0.07786586135625839
0.37426847219467163
0.6527268290519714
0.3501204252243042
0.32576802372932434
0.4487072229385376
0.16709651052951813
0.5342198610305786
0.264339804649353
0.13210196793079376
0.6438167095184326
0.47361186146736145
0.7016119360923767
0.5138328671455383
0.3698328733444214
0.11462446302175522
0.2368912249803543
0.17131443321704865
0.5448544025421143
0.5856919288635254
0.345151424407959
0.31247350573539734
0.6895944476127625
0.6294350028038025
0.17567002773284912
0.3285619616508484
0.6362839341163635
0.4087514579296112
0.47331544756889343
0.3832572102546692
0.3169606626033783
0.7827274799346924
0.43522197008132935
0.5057997703552246
0.1613912582397461
0.45810791850090027
0.3283099830150604
0.14384301006793976
0.6714887619018555
0.9014437198638916
0.4339611828327179
0.7673741579055786
0.30042505264282227
0.6879979968070984
0.5949129462242126
0.27369043231010437
0.5421531796455383
0.7512328624725342
0.1774342954158783
0.32529595494270325
0.22037014365196228
0.18808366358280182
0.38723355531692505
0.7351512312889099
0.8172027468681335
0.47630393505096436
1.0188138484954834
1.0048431158065796
0.39914506673812866
0.8902181386947632
0.3988160490989685
0.40413737297058105
0.7073568105697632
0.5712251663208008
0.11872761696577072
0.5281646251678467
0.4005696773529053
0.5843855738639832
0.909009575843811
0.37255367636680603
0.33493611216545105
0.3503433167934418
0.748580276966095
0.9747835993766785
0.7251438498497009
0.7602298855781555
0.6224117875099182
0.3911352753639221
0.5287414193153381
0.6118732690811157
0.39303410053253174
0.19255191087722778
0.6210988163948059
0.38867640495300293
0.2159321904182434
0.16724428534507751
0.44824865460395813
0.4733816683292389
0.416017085313797
0.3926214277744293
0.36204206943511963
0.06558134406805038
0.4299391210079193
0.46022099256515503
0.14800037443637848
0.8368226289749146
0.858059823513031
0.35645127296447754
0.629654049873352
0.6177619695663452
0.3181169927120209
0.3461153507232666
0.2052498757839203
0.3468007445335388
0.19933518767356873
0.17234839498996735
0.5190417766571045
0.6360085010528564
0.4636077284812927
0.11699121445417404
0.19066739082336426
0.477217435836792
0.600261390209198
0.5689674019813538
0.4614352583885193
0.3191715180873871
0.3750731945037842
0.171953946352005
0.4358701705932617
0.7554950714111328
0.5022856593132019
0.5345752835273743
0.4194069802761078
0.2504681646823883
0.7760087847709656
0.49559324979782104
0.1288803517818451
0.8200845718383789
0.6155789494514465
0.9375722408294678
0.6951737999916077
0.6135687232017517
0.14587964117527008
0.2933954894542694
0.41416698694229126
0.33658120036125183
0.402812659740448
0.4835151135921478
0.0702519342303276
0.8073322772979736
0.8729603886604309
0.3302983343601227
0.5521742701530457
0.8646725416183472
0.6408076286315918
0.7163774371147156
0.4134339392185211
0.0755067840218544
1.0251466035842896
0.6786321997642517
0.7495465278625488
0.08717020601034164
0.5056494474411011
0.25763487815856934
0.11314462125301361
0.2437530905008316
0.834347128868103
0.5621486902236938
0.21930311620235443
0.2792755961418152
0.8688600659370422
0.3764665722846985
0.5765261650085449
0.571001410484314
0.34803056716918945
0.7618996500968933
0.43638086318969727
0.13181447982788086
0.8907189965248108
0.7065017223358154
0.9390202760696411
0.7612292766571045
0.5853245258331299
0.1435323804616928
0.15320640802383423
0.4072834849357605
0.48360586166381836
0.5591418743133545
0.5733864903450012
0.20896026492118835
0.9139417409896851
0.8336687684059143
0.23467399179935455
0.47786808013916016
0.8811774253845215
0.5733479261398315
0.6764500141143799
0.5473588109016418
0.18175025284290314
1.0045011043548584
0.6567342281341553
0.7197511196136475
0.18373389542102814
0.34391680359840393
0.41214537620544434
0.13007251918315887
0.2508482336997986
0.8728231191635132
0.5473338961601257
0.16422884166240692
0.5568760633468628
0.8325493931770325
0.8625484108924866
0.9185264110565186
0.8376258611679077
0.4546286463737488
0.5451720952987671
1.128798246383667
0.8985270261764526
0.5438896417617798
1.0332120656967163
0.8110402226448059
1.2626229524612427
0.93312007188797
0.9895069599151611
0.55927574634552
0.7026682496070862
0.7887638807296753
0.09309503436088562
0.1296747326850891
0.7103696465492249
0.352245569229126
0.9282453656196594
1.2476342916488647
0.7474873065948486
0.9602999687194824
1.1723920106887817
1.0433669090270996
1.0972645282745361
0.5379846096038818
0.3732854425907135
1.3748724460601807
1.044971227645874
1.1199012994766235
0.4789266884326935
0.8897964954376221
0.384659081697464
0.5282779335975647
0.6346564888954163
1.1090404987335205
0.9295222759246826
0.4173634946346283
0.5544183254241943
0.7855479717254639
0.9032396674156189
0.6914523243904114
0.7421751022338867
0.45222583413124084
0.9032443165779114
0.7479751706123352
0.19381585717201233
0.54245924949646
0.8505207300186157
0.4338122010231018
0.5633834600448608
0.03773234784603119
0.42995622754096985
0.3744342029094696
0.8324701189994812
0.8591060638427734
0.5492610931396484
1.1965914964675903
1.1983364820480347
0.6030287146568298
1.0218521356582642
0.6566271781921387
0.2188730686903
0.7445980906486511
0.5393427014350891
0.14264452457427979
0.4608374238014221
0.31514424085617065
0.7955805659294128
1.0325253009796143
0.11455421894788742
0.30132925510406494
0.2569941282272339
0.8705269694328308
0.9626397490501404
0.9076120257377625
0.8628987669944763
0.7191405892372131
0.2580450773239136
0.4056200683116913
0.957355797290802
0.9529536366462708
1.2893346548080444
0.21209834516048431
0.5090165734291077
0.5156378746032715
0.4362192153930664
0.16089269518852234
0.41658535599708557
0.1737132966518402
0.4115736782550812
0.2598901391029358
0.29132595658302307
0.47944962978363037
0.3244735896587372
0.5604345202445984
0.3494170010089874
0.27992841601371765
0.27562859654426575
0.38871973752975464
0.10696040838956833
0.6249646544456482
0.6425756216049194
0.20969870686531067
0.4413432478904724
0.5440494418144226
0.5318813323974609
0.2984606921672821
0.328769713640213
0.484813928604126
0.37660759687423706
0.3880288004875183
0.3222375810146332
0.455358624458313
0.65964674949646
0.32829785346984863
0.4037443697452545
0.29280829429626465
0.5918561816215515
0.35303011536598206
0.3001094162464142
0.16563019156455994
0.4601227343082428
0.21594524383544922
0.37987738847732544
0.4159526228904724
0.7179969549179077
0.5825037360191345
0.467865526676178
0.6206750273704529
0.5767650008201599
0.4796958565711975
0.1860540509223938
0.6479431986808777
0.4446074664592743
0.13923683762550354
0.2560804486274719
0.5315786600112915
0.40557369589805603
0.38978809118270874
0.3029516935348511
0.3084845244884491
0.10088656842708588
0.5135408043861389
0.5532721877098083
0.23047925531864166
0.8966643810272217
0.9097591638565063
0.36092451214790344
0.7054542303085327
0.5731399059295654
0.27023768424987793
0.4393202066421509
0.282837837934494
0.2534843981266022
0.2498217523097992
0.15982501208782196
0.5415964126586914
0.7146980166435242
0.387891948223114
0.07869182527065277
0.14658793807029724
0.553406834602356
0.6907510161399841
0.617572546005249
0.5439714789390564
0.4002564251422882
0.2885580062866211
0.09332817792892456
0.6398193836212158
0.6361804604530334
0.9897505640983582
0.3189445436000824
0.27233684062957764
0.48246076703071594
0.7096526622772217
0.45058298110961914
0.5845487713813782
0.1208411306142807
0.5743618011474609
0.42221155762672424
0.2130311131477356
0.35888001322746277
0.5591370463371277
0.2801147401332855
0.2714928388595581
0.3048763573169708
0.178738072514534
0.22697080671787262
0.5425190329551697
0.6210022568702698
0.27988940477371216
0.8656142354011536
0.8651391267776489
0.2746070921421051
0.7094050645828247
0.44402557611465454
0.3640480041503906
0.511997401714325
0.3989027738571167
0.21737965941429138
0.3776625692844391
0.28481918573379517
0.46625834703445435
0.725131630897522
0.4293796420097351
0.20384204387664795
0.2573677599430084
0.5629057884216309
0.7851784825325012
0.574978232383728
0.5689709186553955
0.4287000894546509
0.19651426374912262
0.19402837753295898
0.6497662663459778
0.6781293153762817
0.9580133557319641
0.3332819640636444
0.27048686146736145
0.1298447996377945
0.45386239886283875
0.6306600570678711
0.5424577593803406
0.49579888582229614
0.15263120830059052
0.6167126893997192
0.42172762751579285
0.16351817548274994
0.2701886296272278
0.5214477777481079
0.3778815269470215
0.35475286841392517
0.3124815821647644
0.27632245421409607
0.12817342579364777
0.5037022829055786
0.555482029914856
0.22333762049674988
0.8735611438751221
0.8839400410652161
0.32730045914649963
0.6898834705352783
0.5399861931800842
0.3015736937522888
0.44267553091049194
0.30383238196372986
0.2517003118991852
0.2788494825363159
0.19491665065288544
0.5098785758018494
0.7007815837860107
0.40848520398139954
0.11381751298904419
0.1801963448524475
0.5386139154434204
0.702976405620575
0.591499924659729
0.5332042574882507
0.3894273638725281
0.2720823585987091
0.10300016403198242
0.625522255897522
0.6306192278862
0.9666461944580078
0.33197394013404846
0.2518685460090637
0.035129938274621964
0.09881360083818436
0.6777752041816711
0.9139336943626404
0.4209485948085785
0.7813804149627686
0.3066146969795227
0.6839166283607483
0.5982211232185364
0.2912362515926361
0.5558863282203674
0.7583222389221191
0.16187721490859985
0.3188677430152893
0.23462019860744476
0.18228518962860107
0.4024996757507324
0.7424395084381104
0.8277847766876221
0.4866231381893158
1.0184744596481323
1.0028396844863892
0.39797481894493103
0.8943886160850525
0.3842853307723999
0.42161521315574646
0.718548059463501
0.5861104130744934
0.13469071686267853
0.5443333983421326
0.41762658953666687
0.5811845660209656
0.9137972593307495
0.3869025707244873
0.35128599405288696
0.36771076917648315
0.7539506554603577
0.9877934455871582
0.7249618172645569
0.7670413851737976
0.6302158236503601
0.01762864738702774
0.3886755406856537
0.839367151260376
0.8808850049972534
1.1083085536956787
0.2723493278026581
0.4670143127441406
0.3032917082309723
0.20678554475307465
0.2856978476047516
0.29198431968688965
0.46005815267562866
0.8663626313209534
0.5623528957366943
0.6583724021911621
0.5041962265968323
0.37275728583335876
0.8925282955169678
0.5949323177337646
0.23032234609127045
0.9425745010375977
0.7351883053779602
1.0578407049179077
0.8184400796890259
0.7253119945526123
0.2487775981426239
0.33972468972206116
0.5295860767364502
0.313075453042984
0.39921510219573975
0.6043109893798828
0.08495436608791351
0.9207919239997864
0.9826151132583618
0.40845412015914917
0.6453673243522644
0.9870128631591797
0.7380115389823914
0.8250619769096375
0.516974151134491
0.052241940051317215
1.140831708908081
0.7926498651504517
0.8616771697998047
0.21007123589515686
0.5156542062759399
0.3452976644039154
0.2162875384092331
0.3583153784275055
0.9583105444908142
0.6772286295890808
0.12406399101018906
0.18673795461654663
0.3741430640220642
1.076579213142395
0.5025760531425476
0.7580533623695374
0.7728848457336426
0.7453929781913757
0.9634026288986206
0.2581143379211426
0.6600236892700195
0.46812087297439575
0.6568719148635864
0.38503777980804443
0.14313867688179016
0.14335192739963531
0.689210057258606
0.5389122366905212
0.3231732249259949
0.584403395652771
0.36320018768310547
0.8079589009284973
0.4761495888233185
0.5766223669052124
0.32319533824920654
0.5106719732284546
0.39502573013305664
0.36963701248168945
0.36181333661079407
0.2513897716999054
0.31552213430404663
0.5253707766532898
0.8218274116516113
0.47958904504776
0.6085281372070312
0.7146462202072144
0.6694316864013672
0.6840026378631592
0.11684100329875946
0.3493320941925049
0.9284251928329468
0.6190681457519531
0.694387674331665
0.25463005900382996
0.7411776781082153
0.07674599438905716
0.3168277144432068
0.3068002164363861
0.6492986083030701
0.5117018222808838
0.29772430658340454
0.4379115104675293
0.4598187804222107
0.8365334868431091
0.29767343401908875
0.5535057187080383
0.5033261179924011
0.5258116722106934
0.6488404273986816
0.4002007246017456
0.23575055599212646
0.5744275450706482
0.6699737310409546
0.6239628195762634
0.5327435731887817
0.29572126269340515
0.23134301602840424
0.8107203245162964
0.5771256685256958
0.24233026802539825
0.7770302295684814
0.5594003200531006
0.954571008682251
0.6610219478607178
0.6662259101867676
0.2539118826389313
0.4279661774635315
0.4650188684463501
0.2326596975326538
0.2773010730743408
0.43676263093948364
0.12523913383483887
0.7278529405593872
0.9251484274864197
0.4445364475250244
0.640817403793335
0.8705485463142395
0.7211833000183105
0.7737072706222534
0.31664401292800903
0.16277699172496796
1.0588454008102417
0.7233324646949768
0.7978121638298035
0.16673643887043
0.6465721130371094
0.13858117163181305
0.2283056080341339
0.312794953584671
0.8214005827903748
0.6071677803993225
0.14269062876701355
0.30687347054481506
0.32393720746040344
0.9788726568222046
0.39924415946006775
0.6715032458305359
0.6533340811729431
0.6506420969963074
0.8234660625457764
0.20848429203033447
0.20254021883010864
0.4424271881580353
0.44613969326019287
0.7649731040000916
0.2851274013519287
0.34422558546066284
0.7424067854881287
0.4826311767101288
0.26974377036094666
0.10674015432596207
0.4741423428058624
0.6185660362243652
0.5685450434684753
0.45712777972221375
0.5128873586654663
0.11393905431032181
0.4560909867286682
0.420919805765152
0.2243845909833908
0.9085474610328674
0.943534791469574
0.5000275373458862
0.6707446575164795
0.7708260416984558
0.2957696318626404
0.3114846646785736
0.08151857554912567
0.4436614215373993
0.050935305655002594
0.1456683874130249
0.6464633345603943
0.6684670448303223
0.4803963601589203
0.17075815796852112
0.20121467113494873
0.5240927934646606
0.5050630569458008
0.6656993627548218
0.48938286304473877
0.3645617365837097
0.5000774264335632
0.1532636284828186
0.6005463600158691
0.5424082279205322
0.9989575147628784
0.45782750844955444
0.32582271099090576
0.21481169760227203
0.3389377295970917
0.2406846433877945
0.5156243443489075
0.7014816403388977
0.6193679571151733
0.6759421825408936
0.4323280453681946
0.5853071808815002
0.5821777582168579
0.44763219356536865
0.17546823620796204
0.6285097002983093
0.41477566957473755
0.17232440412044525
0.22252465784549713
0.49463924765586853
0.4262154698371887
0.3905135691165924
0.34067636728286743
0.3214353919029236
0.0822996199131012
0.47653713822364807
0.5156549215316772
0.19324901700019836
0.8663429021835327
0.8820715546607971
0.34866389632225037
0.6703742146492004
0.5828626751899719
0.2932741940021515
0.4018556773662567
0.25473958253860474
0.290654718875885
0.2326917201280594
0.1660381406545639
0.523433268070221
0.6788964867591858
0.4217611253261566
0.09131983667612076
0.16598355770111084
0.5181045532226562
0.6564545035362244
0.5905218720436096
0.5072007775306702
0.36365222930908203
0.3197665214538574
0.056638460606336594
0.6042230725288391
0.598365843296051
0.9593693017959595
0.356018602848053
0.2413794845342636
0.037966080009937286
0.14631037414073944
0.04909352958202362
0.3337743580341339
0.7217627763748169
0.5285741090774536
0.6395988464355469
0.19265116751194
0.1209845021367073
0.4984731674194336
0.5353231430053711
0.46778857707977295
0.2661859095096588
0.3351563513278961
0.05768086388707161
0.5341582298278809
0.34036892652511597
0.20849555730819702
0.5563691258430481
0.36626216769218445
0.680562436580658
0.42891213297843933
0.39624401926994324
0.19764083623886108
0.3579433560371399
0.20172420144081116
0.5031316876411438
0.5246922969818115
0.23342953622341156
0.32596832513809204
0.5763772130012512
0.6521514058113098
0.29898133873939514
0.4097898602485657
0.6009578704833984
0.4742013216018677
0.5046452283859253
0.26088160276412964
0.34409299492836
0.782195508480072
0.44904860854148865
0.524182140827179
0.18538253009319305
0.5822158455848694
0.24077638983726501
0.21219469606876373
0.12456680834293365
0.5649474859237671
0.33439400792121887
0.2697274386882782
0.3402734398841858
0.5960668921470642
0.703670084476471
0.12260063737630844
0.3949230909347534
0.3840409219264984
0.37413060665130615
0.5697221755981445
0.393791139125824
0.1990833431482315
0.27665746212005615
0.4249987304210663
0.3635389506816864
0.2656831741333008
0.5450699925422668
0.4903714656829834
0.4581390619277954
0.109163299202919
0.43786799907684326
0.21811088919639587
0.3657704293727875
0.2623606324195862
0.34428417682647705
0.433067262172699
0.2943299114704132
0.5089952349662781
0.30346769094467163
0.24911077320575714
0.32830968499183655
0.4320697784423828
0.11571863293647766
0.670075535774231
0.6829928755760193
0.19492587447166443
0.49399906396865845
0.5132961869239807
0.4924473166465759
0.3353205621242523
0.32796022295951843
0.43171724677085876
0.3625319302082062
0.35503414273262024
0.3372965455055237
0.5086067318916321
0.6121121644973755
0.28923243284225464
0.3646737039089203
0.3461623191833496
0.6267508864402771
0.39120781421661377
0.3533562123775482
0.21671535074710846
0.40695425868034363
0.18356338143348694
0.4331585168838501
0.4675464630126953
0.7631694078445435
0.5319780111312866
0.053591568022966385
0.2271101176738739
0.21692150831222534
0.203631192445755
0.4141313135623932
0.5560385584831238
0.32997146248817444
0.4474633038043976
0.3117358386516571
0.19934016466140747
0.17170116305351257
0.4678281843662262
0.5796703100204468
0.6354487538337708
0.4312288165092468
0.2330777794122696
0.6842017769813538
0.4623427987098694
0.14259746670722961
0.21339401602745056
0.5237043499946594
0.4663264751434326
0.4458760619163513
0.32583585381507874
0.36928296089172363
0.045139435678720474
0.5053337812423706
0.5243431925773621
0.22453099489212036
0.9120755195617676
0.9312702417373657
0.4063013792037964
0.7063271403312683
0.6333736181259155
0.2431882619857788
0.4097479581832886
0.22992490231990814
0.29374825954437256
0.1892964392900467
0.10843628644943237
0.5797356367111206
0.712378740310669
0.38786211609840393
0.04031173512339592
0.11510605365037918
0.5539076924324036
0.6463877558708191
0.640841543674469
0.5371201634407043
0.3954389691352844
0.34305718541145325
0.07674425840377808
0.638685941696167
0.6194016337394714
1.0049006938934326
0.33541998267173767
0.28874194622039795
0.061167292296886444
0.19084136188030243
0.0934063047170639
0.3585498631000519
0.7531624436378479
0.5809851288795471
0.68310546875
0.15707893669605255
0.057679180055856705
0.40909045934677124
0.25101590156555176
0.4372463524341583
0.26641881465911865
0.9176609516143799
0.09384776651859283
0.5000724196434021
0.809967041015625
0.528408408164978
0.47244536876678467
0.17337143421173096
0.42957058548927307
0.8047919869422913
0.719450831413269
0.6582091450691223
0.689320981502533
0.31311851739883423
0.41503769159317017
0.2984960675239563
0.3161487579345703
0.8895245790481567
0.9435173273086548
0.6245070099830627
0.6233355402946472
0.9336701035499573
0.4711828827857971
0.22567835450172424
0.1285897046327591
0.6477670073509216
0.19552180171012878
0.340908944606781
0.7300949692726135
0.6097190380096436
0.6645103096961975
0.3748409152030945
0.39961472153663635
0.499980628490448
0.3110133707523346
0.697625994682312
0.4450559616088867
0.369316041469574
0.6998010277748108
0.33185577392578125
0.5559729337692261
0.4473349153995514
0.9730783700942993
0.6560081243515015
0.4193441569805145
0.4114243686199188
0.5258841514587402
0.4319280982017517
0.7147001028060913
0.629391074180603
0.6716208457946777
0.6662253737449646
0.20414966344833374
0.382870614528656
0.47481730580329895
0.4306105971336365
0.3579981029033661
0.3234013020992279
0.284436970949173
0.8017908930778503
0.15091954171657562
0.39115774631500244
0.6860718131065369
0.4054257273674011
0.42954036593437195
0.08193692564964294
0.330593079328537
0.7082868218421936
0.6045405268669128
0.6174553632736206
0.5870079398155212
0.2515447735786438
0.31406745314598083
0.24874360859394073
0.19615930318832397
0.7856922745704651
0.8335533142089844
0.5036397576332092
0.5290310978889465
0.8215710520744324
0.46839848160743713
0.14331434667110443
0.10029196739196777
0.5880904197692871
0.19651822745800018
0.31686723232269287
0.605338454246521
0.52080237865448
0.6521402597427368
0.323079913854599
0.3692546486854553
0.39391276240348816
0.35335931181907654
0.5781127214431763
0.346339613199234
0.2509898543357849
0.6221006512641907
0.2471262663602829
0.459451287984848
0.3778753876686096
0.8723066449165344
0.6222902536392212
0.29630279541015625
0.3374493718147278
0.43557876348495483
0.3500431180000305
0.6354748606681824
0.5478655695915222
0.5487766861915588
0.5573678612709045
0.17271168529987335
0.3031463027000427
0.35098904371261597
0.3118337392807007
0.2952497899532318
0.12477198988199234
0.23996107280254364
0.39443206787109375
0.8496886491775513
0.4912532567977905
0.6109104752540588
0.5104095339775085
0.33958739042282104
0.8318752646446228
0.5266923308372498
0.1678926944732666
0.9066590070724487
0.7061848044395447
1.0009201765060425
0.7800840735435486
0.6617099642753601
0.18611331284046173
0.26918697357177734
0.46938884258270264
0.3702969551086426
0.4503884017467499
0.5732993483543396
0.10364300012588501
0.9008886814117432
0.9173517823219299
0.3373386859893799
0.5755653977394104
0.93377685546875
0.66886967420578
0.7596057057380676
0.5080410838127136
0.06940203160047531
1.079097867012024
0.7303045392036438
0.7979626059532166
0.16666439175605774
0.454419881105423
0.3485058546066284
0.15547387301921844
0.2993168830871582
0.9113107323646545
0.6160179376602173
0.09470462054014206
0.11708510667085648
0.4381553828716278
1.0183051824569702
0.45201176404953003
0.6993632316589355
0.7221816778182983
0.688639760017395
0.9173724055290222
0.07153355330228806
0.3920942544937134
0.22201256453990936
0.6334010362625122
0.6624956727027893
0.3514021933078766
0.5055769085884094
0.6912503242492676
0.5578597784042358
0.47749584913253784
0.23791460692882538
0.5864716172218323
0.6520259380340576
0.6315604448318481
0.5228393077850342
0.27678245306015015
0.2225903570652008
0.8043444752693176
0.5779629349708557
0.2510235011577606
0.7621909379959106
0.5437938570976257
0.945759117603302
0.6472298502922058
0.6626014709472656
0.26160404086112976
0.4390551745891571
0.4621216952800751
0.23459936678409576
0.2727089524269104
0.4224565029144287
0.1439661830663681
0.7102255821228027
0.9208486676216125
0.45131900906562805
0.6425161957740784
0.8605794906616211
0.7213689088821411
0.7704185843467712
0.2985427677631378
0.1813935786485672
1.0519304275512695
0.718468189239502
0.7932335138320923
0.17389249801635742
0.6595879197120667
0.11982739716768265
0.23753239214420319
0.31399184465408325
0.8094503283500671
0.6027349829673767
0.1578262746334076
0.32156020402908325
0.3269124925136566
0.9705646634101868
0.3927905559539795
0.6651115417480469
0.6435992121696472
0.6434963941574097
0.8112024068832397
0.22741438448429108
0.18516658246517181
0.018968278542160988
0.6755087375640869
0.6337857842445374
0.270283967256546
0.43998295068740845
0.6783233284950256
0.6715005040168762
0.5608526468276978
0.23963646590709686
0.49678874015808105
0.16609886288642883
1.05324125289917
0.10486820340156555
0.6456825137138367
0.8939245343208313
0.6130536794662476
0.6377679705619812
0.32566478848457336
0.45950961112976074
0.960590124130249
0.8571130037307739
0.8227595686912537
0.8409464955329895
0.4776493012905121
0.4501197040081024
0.2786343991756439
0.44771307706832886
0.9059246778488159
0.9732303023338318
0.7502431869506836
0.6302292943000793
1.075134038925171
0.6271503567695618
0.27159953117370605
0.29277846217155457
0.8133814334869385
0.3586599826812744
0.5048491358757019
0.8275793790817261
0.6077242493629456
0.8215893507003784
0.5404631495475769
0.563912034034729
0.5375252962112427
0.17009587585926056
0.7617262601852417
0.4729655981063843
0.4459630846977234
0.8630731701850891
0.49113592505455017
0.5709667801856995
0.42785459756851196
0.980962872505188
0.8193544745445251
0.5405668616294861
0.5745328068733215
0.6842851638793945
0.5930430889129639
0.8776120543479919
0.6137858033180237
0.7511762976646423
0.7010793685913086
0.36981871724128723
0.5442871451377869
0.5667039752006531
0.5630071759223938
0.5227029919624329
0.1656777709722519
0.2545258402824402
0.5449396371841431
0.710462212562561
0.2834700047969818
0.12293437868356705
0.8993495106697083
0.16909366846084595
0.5305504202842712
0.6845017671585083
0.4123612642288208
0.6330942511558533
0.28462547063827515
0.23362679779529572
0.8583552837371826
0.7130102515220642
0.8196909427642822
0.7300276160240173
0.4527835249900818
0.22625070810317993
0.05442348122596741
0.32808661460876465
0.6781874299049377
0.7448276281356812
0.590330958366394
0.40306293964385986
0.9320022463798523
0.6757989525794983
0.09376311302185059
0.3042362630367279
0.781292736530304
0.3998245298862457
0.524659276008606
0.6305135488510132
0.382511168718338
0.8599067330360413
0.5256869196891785
0.5762357115745544
0.31219160556793213
0.20683279633522034
0.5427979230880737
0.24626952409744263
0.2513698935508728
0.7998005747795105
0.434500128030777
0.342635840177536
0.20752675831317902
0.7548682689666748
0.8267558217048645
0.38934236764907837
0.5278083086013794
0.6049472093582153
0.5331670641899109
0.8112565279006958
0.393857479095459
0.54157954454422
0.47354641556739807
0.3804297149181366
0.4908269941806793
0.37568095326423645
0.42812803387641907
0.4941939115524292
0.2457064837217331
0.20786407589912415
0.3230969309806824
0.48357975482940674
0.22841139137744904
