dense 32 0 none 496 2
0.4026581048965454
0.6528022885322571
1.0212846994400024
0.40742480754852295
0.17259113490581512
0.9483886361122131
0.37118321657180786
0.6441483497619629
0.42211663722991943
0.5416701436042786
0.40110111236572266
0.8023589253425598
0.41007569432258606
0.798760712146759
0.4661129415035248
0.13604553043842316
0.5339515805244446
0.520861029624939
0.5164346098899841
0.30187657475471497
0.2827232778072357
0.604249894618988
0.7120567560195923
0.6512405872344971
0.5547657012939453
0.310463547706604
0.776569664478302
0.5836262106895447
0.34180948138237
0.3663574457168579
0.745323121547699
0.22595909237861633
0.3267081677913666
0.6696088314056396
0.39764878153800964
0.34910473227500916
0.08751111477613449
0.3432992398738861
0.7385087609291077
0.3820050358772278
0.4520930349826813
0.46295449137687683
0.2185182273387909
0.664047122001648
0.3683775067329407
0.6748497486114502
0.9711390733718872
0.26649126410484314
0.858889639377594
0.32780900597572327
0.587648332118988
0.5698488354682922
0.43402373790740967
0.6351168155670166
0.7610194683074951
0.48720043897628784
0.8333871364593506
0.1984126716852188
0.7522587180137634
0.22456564009189606
0.3697929382324219
0.3667188286781311
0.48280298709869385
0.5469502210617065
0.5746928453445435
0.2224595993757248
0.7661524415016174
0.90027916431427
0.6539309620857239
0.7422430515289307
0.4249970614910126
0.8713192939758301
0.7233188152313232
0.18822930753231049
0.5365993976593018
0.8334664702415466
0.39608946442604065
0.5280462503433228
0.546272873878479
0.8441859483718872
0.27882081270217896
0.7379273176193237
0.20004230737686157
0.5022177696228027
0.4460780620574951
0.37243327498435974
0.5171781778335571
0.6319906711578369
0.1300417184829712
0.1372913122177124
0.3938378095626831
0.4445265233516693
0.5357685685157776
0.663728654384613
0.3861502707004547
0.25082623958587646
0.6866751313209534
0.45146968960762024
0.180619016289711
0.1699889451265335
0.495088130235672
0.5055652260780334
0.4706639051437378
0.3670158088207245
0.4035005271434784
0.07750937342643738
0.3391828238964081
0.7302846312522888
0.370096355676651
0.436509907245636
0.46428602933883667
0.2120465636253357
0.6457698941230774
0.3504786193370819
0.01845601573586464
0.7475147247314453
0.5637882351875305
0.815586268901825
0.6182137727737427
0.4766385853290558
0.25464293360710144
0.15037274360656738
0.8896021842956543
0.22351671755313873
0.5380963087081909
0.6526029109954834
0.3884790241718292
0.6653264760971069
0.32047516107559204
0.193068265914917
0.8649954795837402
0.708297848701477
0.8500868678092957
0.7355335354804993
0.48474839329719543
0.1888650506734848
0.2434559464454651
0.4394725263118744
0.6059994101524353
0.34286820888519287
0.20493534207344055
0.520463228225708
0.25908327102661133
0.36295297741889954
0.15298065543174744
0.30149900913238525
0.5317057967185974
0.4094047248363495
0.5331899523735046
0.40491995215415955
0.2020299732685089
0.28334546089172363
0.34125080704689026
0.4673212170600891
0.7628785371780396
0.7877912521362305
0.8388074636459351
0.7451029419898987
0.377736896276474
0.45207923650741577
1.0357052087783813
0.809118390083313
0.4600200355052948
0.947704017162323
0.7252534031867981
1.1700778007507324
0.8447456359863281
0.897091805934906
0.47456681728363037
0.6273461580276489
0.6967138051986694
0.5104180574417114
0.8370265364646912
0.7370458841323853
0.899873673915863
0.7465758323669434
0.3330511450767517
0.4694015085697174
1.0473886728286743
0.8485788106918335
0.5178986191749573
0.9183037281036377
0.6975141167640686
1.16971755027771
0.8243339657783508
0.9207524657249451
0.5304712057113647
0.6962016224861145
0.7247130870819092
0.09680618345737457
0.3541596531867981
0.7122736573219299
0.3090301752090454
0.6458118557929993
0.17487230896949768
0.3004092276096344
0.23371361196041107
0.4813476800918579
0.4572865068912506
0.44157901406288147
0.3409566581249237
0.13357262313365936
0.5715295672416687
0.22554853558540344
0.4192754626274109
0.43106862902641296
0.5816302299499512
0.30837634205818176
0.6208715438842773
0.6060835123062134
0.23853501677513123
0.4877357482910156
0.7823854088783264
0.5663413405418396
0.5921542048454285
0.42035508155822754
0.29800307750701904
0.8425098061561584
0.5658441781997681
0.19873104989528656
0.8659916520118713
0.6554276347160339
1.001128911972046
0.743772566318512
0.6821869015693665
0.21597810089588165
0.3515949249267578
0.4818613827228546
0.2759941518306732
0.3503393232822418
0.5260413885116577
0.6958937644958496
1.052769422531128
0.06706426292657852
0.9703745245933533
0.4338279962539673
0.4748203158378601
0.5671392679214478
0.6343675255775452
0.760382354259491
0.7826406955718994
0.223802849650383
0.21966928243637085
0.6189011335372925
0.2660083472728729
0.6651319265365601
0.7733217477798462
0.9256556034088135
0.6276565790176392
0.8524919152259827
0.8032337427139282
0.34458696842193604
0.8374863862991333
0.7046124935150146
0.7326972484588623
0.801581084728241
0.5630791187286377
0.45374512672424316
0.9180670976638794
0.7055229544639587
0.15176723897457123
0.39848676323890686
0.7523621320724487
0.5747968554496765
0.634499728679657
0.23920617997646332
0.522857129573822
0.2601698040962219
0.7339193820953369
0.7166491746902466
0.4621083438396454
1.154909610748291
1.1742863655090332
0.6274871826171875
0.9419081211090088
0.7822151184082031
0.22641080617904663
0.21056318283081055
0.811747670173645
0.18153628706932068
0.43691349029541016
0.6224068999290466
0.34245556592941284
0.5508496165275574
0.20812903344631195
0.20463348925113678
0.7646970152854919
0.62287437915802
0.7354918718338013
0.6365372538566589
0.37032753229141235
0.1910480558872223
0.11459745466709137
0.2343786507844925
0.6645551919937134
0.7214431762695312
0.5029744505882263
0.39781051874160767
0.8423319458961487
0.606242835521698
0.4050668776035309
0.36486777663230896
0.8044328689575195
0.20422618091106415
0.38292303681373596
0.7394677996635437
0.4669136106967926
0.3506215512752533
0.06986107677221298
0.4235980212688446
0.6786066293716431
0.6061462759971619
0.5383512377738953
0.5659379959106445
0.18488729000091553
0.4063005745410919
0.3478424847126007
0.22183024883270264
0.871878445148468
0.9141392707824707
0.5224695205688477
0.6222614645957947
0.8161526322364807
0.3723944425582886
0.2435150295495987
0.6953396797180176
0.8723717331886292
0.5495955944061279
0.7245154976844788
0.3378075957298279
0.7710533738136292
0.6395434737205505
0.18505330383777618
0.5061681270599365
0.7682013511657715
0.29616159200668335
0.4228699207305908
0.10589566826820374
0.2880629897117615
0.33859750628471375
0.7509036064147949
0.8060697913169861
0.4743296504020691
1.0804353952407837
1.075554609298706
0.47279223799705505
0.925593912601471
0.5168792009353638
0.2946067750453949
0.6924726963043213
0.5215368866920471
0.4864914119243622
0.4528936445713043
0.8108116984367371
0.2846987247467041
0.3916555941104889
0.7931709289550781
0.5318769216537476
0.2812581956386566
0.1454487293958664
0.5131620168685913
0.6553953289985657
0.6153458952903748
0.46429193019866943
0.5541231036186218
0.1507682055234909
0.49540975689888
0.4441474378108978
0.27442190051078796
0.9535410404205322
0.990585446357727
0.5499697923660278
0.7110570073127747
0.81462162733078
0.27995193004608154
0.3394513428211212
0.09639240801334381
0.46221575140953064
0.5493025779724121
0.5913876891136169
0.7350171804428101
0.42749324440956116
0.3410927355289459
0.7909877896308899
0.5598881244659424
0.13757872581481934
0.24296629428863525
0.5948910713195801
0.5460608005523682
0.5495936870574951
0.3180493712425232
0.46228256821632385
0.10842761397361755
0.5764609575271606
0.563042938709259
0.3087841868400574
1.0049841403961182
1.0291799306869507
0.5147020220756531
0.7856396436691284
0.7282482981681824
0.1577766388654709
0.4510877728462219
0.2265360951423645
0.32194259762763977
0.14625126123428345
0.351087361574173
0.7519593834877014
0.35360825061798096
0.7283754348754883
0.35861608386039734
0.10811063647270203
0.2181539237499237
0.6689674854278564
0.5805307030677795
0.42601680755615234
0.49529337882995605
0.27348533272743225
0.7639276385307312
0.4008730947971344
0.5844555497169495
0.4231582581996918
0.6055055856704712
0.4285672903060913
0.45365315675735474
0.42434823513031006
0.1925632655620575
0.4322201907634735
0.4129525423049927
0.8114249110221863
0.558868944644928
0.6500387787818909
0.664345383644104
0.6973947286605835
0.6872289180755615
0.2469790130853653
0.4609220623970032
0.8146781325340271
0.548452615737915
0.6095519661903381
0.4573211073875427
0.3212142586708069
0.8504327535629272
0.5625537633895874
0.1943446695804596
0.8908873796463013
0.6830034255981445
1.0129345655441284
0.7671590447425842
0.6862219572067261
0.21250130236148834
0.32971835136413574
0.4880233705043793
0.30220723152160645
0.3810603618621826
0.5522759556770325
0.03782292827963829
0.868815004825592
0.9449422359466553
0.3853840231895447
0.6162421107292175
0.9401639699935913
0.70701664686203
0.7878707647323608
0.4661710262298584
0.8535154461860657
0.9235841631889343
0.8056448101997375
0.7555546164512634
0.5437319278717041
1.0035512447357178
0.830184817314148
0.24944496154785156
0.577046811580658
0.9115608930587769
0.5482988357543945
0.6728056073188782
0.15228243172168732
0.5413795113563538
0.4192388355731964
0.8931944370269775
0.89752197265625
0.6114345192909241
1.2818125486373901
1.2892602682113647
0.7033196687698364
1.0918736457824707
0.7711813449859619
0.19449472427368164
0.7845959067344666
0.5600742101669312
0.2561757266521454
0.4710773229598999
0.33527353405952454
0.8954854607582092
1.0993677377700806
